        1   2   3   4   5   6   7   8   9  10  11  12  13  14  15  16  17  18  19  20
      --- --- --- --- --- --- --- --- --- --- --- --- --- --- --- --- --- --- --- ---

 01 X  35  63  45  63  45  64   5                                                     
 01 Y  45  64  56  45  64  56   6                                                     

 02 X  45  64  56  45  64  33   3                                                     
 02 Y  33  43  33  53  33  33   3                                                     

 03 X  34  53  45  34  53  45  66  78   8   5                                         
 03 Y  88  88  88  88  88  88  88  88  86  58                                         

 04 X  91  91  91  91  91  91  91   9                                                 
 04 Y  91  91  91  91  91  91  91   9                                                 

 05 X  89  79  87  91                                                                 
 05 Y  87  68  67   6                                                                 

 06 X  36  34  63  45  63  47  45  67  56  74                                         
 06 Y  54  56  74  57  45  85  78  56  78   7                                         

 07 X  65  37  56  74  57  45  67  45  67  45   7                                     
 07 Y  56  74  56  74  56  74  56  74  56  74  56                                     

