# VU METER LOGGER FOR DAY STARTS
# --
# Mon 12 Apr 2010 00:14:33
# --
# Logging is -60 to 0 db
# --
# TIME - 00:14
-45.06
-43.58
-43.58
-44.46
-44.46
-42.11
-42.11
-43.71
-43.71
-41.24
-41.24
-42.49
-44.69
-44.55
-45.15
-45.15
-42.67
-45.39
-44.33
-44.15
-40.83
-44.12
-40.18
-40.18
-42.67
-40.04
-40.04
-43.78
-43.91
-44.24
-46.96
-46.96
-44.69
-44.69
-46.22
-44.55
-44.55
-41.88
-42.73
-42.73
-43.35
-44.64
-44.64
-44.12
-44.08
-44.08
-46.85
-44.69
-44.78
-43.46
-44.15
-44.15
-46.12
-44.78
-44.78
-42.81
-42.81
-44.03
-44.03
-44.64
-45.44
-45.44
-44.15
-44.60
-45.25
-45.25
-43.74
-43.74
-42.93
-44.46
-46.34
-46.34
-48.10
-48.10
-44.29
-44.29
-43.54
-44.92
-48.17
-48.17
-45.44
-45.44
-42.81
-42.81
-44.51
-44.51
-43.04
-43.74
-43.74
-45.30
-41.88
-41.88
-43.18
-45.75
-44.64
-44.64
-46.67
-46.67
-47.08
-46.01
-46.01
-45.90
-45.90
-44.83
-44.83
-45.80
-45.80
-45.35
-45.35
-45.65
# TIME - 00:15
-45.65
-44.87
-45.20
-45.75
-45.65
-44.64
-45.25
-45.25
-45.60
-45.44
-45.44
-44.08
-47.08
-46.85
-46.85
-45.25
-45.25
-45.50
-46.44
-45.85
-45.85
-45.20
-45.96
-45.75
-45.06
-47.08
-47.08
-44.60
-45.30
-45.30
-45.01
-45.01
-44.20
-44.60
-46.85
-42.89
-45.01
-47.71
-46.73
-46.73
-46.73
-47.90
-47.90
-44.33
-46.22
-45.25
-45.80
-43.00
-45.15
-43.74
-44.24
-44.24
-43.50
-46.85
-46.85
-46.85
-46.85
-44.37
-44.15
-45.44
-44.97
-44.97
-45.30
-45.30
-44.33
-44.33
-43.74
-44.83
-42.53
-42.73
-44.12
-43.78
-46.01
-44.83
-45.96
-44.69
-44.69
-46.01
-45.06
-45.35
-45.60
-43.82
-43.82
-44.37
-43.78
-43.78
-45.50
-45.50
-44.15
-44.69
-44.08
-44.08
-44.78
-44.15
-44.15
-46.39
-45.50
-40.32
-44.03
-44.37
-44.37
-46.39
-45.01
-44.87
-47.71
-45.20
-45.75
-43.16
-43.16
-45.20
-45.20
-44.97
-44.97
-46.39
-46.50
-48.87
-46.56
-43.54
-43.54
-45.15
-44.03
-44.55
-44.55
-44.08
-45.15
-45.15
-44.12
-43.18
-43.18
-43.54
-43.54
-47.71
-44.15
-43.65
-45.50
-45.06
-44.15
-44.15
-43.78
-43.78
-44.97
-47.08
-47.21
-43.39
-43.46
-43.46
-44.55
-43.74
-36.05
-36.05
-43.82
-43.82
-44.69
-44.73
-45.75
-47.39
-42.59
-42.59
-43.35
-43.35
-46.22
-45.70
-45.06
-45.06
-44.97
-44.97
-45.30
-45.30
-44.46
-46.90
-46.90
-47.71
-45.70
-44.55
-44.08
-44.55
-43.39
-43.95
-43.95
-44.37
-45.85
-45.85
-42.71
-45.70
-44.42
-44.42
-46.79
-46.79
-44.15
-44.15
-46.79
-46.79
-46.79
-47.32
-43.82
-46.01
-45.30
-44.92
-44.29
-44.29
-47.14
-47.14
-43.82
-49.33
-49.33
-45.85
-45.85
-43.31
-47.32
-44.97
-44.97
-45.50
-46.27
-46.27
-43.16
-43.16
-46.67
-46.67
-45.39
-48.10
-48.10
-45.70
-44.60
-44.60
-45.35
-47.08
-46.50
-46.50
-47.71
-45.39
-47.21
-47.21
-45.55
-31.40
-31.40
-33.83
-33.83
-45.20
-45.20
-43.71
-45.70
-45.70
-46.07
-43.08
-43.08
-44.60
# TIME - 00:16
-44.69
-43.12
-44.46
-42.85
-42.85
-45.11
-46.85
-44.83
-44.55
-46.39
-45.55
-44.42
-44.42
-47.71
-47.71
-44.37
-43.65
-43.65
-45.01
-43.78
-44.42
-43.91
-43.91
-45.44
-44.60
-44.73
-44.24
-44.12
-44.97
-44.97
-44.64
-44.64
-45.25
-43.74
-43.74
-46.96
-46.96
-44.60
-43.91
-46.79
-46.79
-43.31
-46.62
-46.73
-46.73
-46.56
-46.34
-46.34
-45.20
-46.96
-46.12
-45.70
-46.44
-45.39
-45.39
-42.27
-45.80
-45.80
-43.99
-45.90
-45.35
-44.97
-44.97
-45.11
-45.11
-46.79
-43.31
-43.31
-45.06
-44.69
-45.15
-45.15
-45.39
-45.39
-45.85
-45.85
-44.78
-45.90
-45.44
-44.78
-44.78
-45.70
-45.70
-46.73
-46.73
-46.07
-46.07
-43.78
-43.78
-45.01
-45.01
-45.55
-45.55
-45.20
-44.97
-46.56
-45.11
-45.25
-45.25
-46.07
-45.15
-43.95
-43.95
-46.79
-45.55
-45.55
-42.85
-43.74
-43.74
-42.81
-45.01
-46.27
-45.30
-45.50
-43.62
-43.62
-45.11
-45.70
-45.70
-45.75
-45.75
-43.18
-43.18
-46.17
-44.12
-44.12
-45.44
-45.44
-46.39
-46.39
-44.03
-43.71
-46.12
-44.15
-45.55
-47.21
-47.21
-41.98
-42.27
-42.27
-44.73
-44.73
-43.54
-43.16
-44.46
-44.46
-43.46
-43.46
-45.85
-43.39
-42.15
-42.15
-48.43
-44.97
-44.97
-44.46
-44.73
-46.34
-43.46
-45.20
-45.20
-46.07
-45.44
-46.50
-43.86
-43.12
-43.12
-43.86
-47.08
-47.08
-45.25
-45.25
-45.01
-43.95
-43.95
-45.25
-45.25
-44.87
-44.87
-42.77
-45.60
-44.33
-46.12
-46.79
-45.06
-42.89
-45.15
-45.15
-42.56
-42.56
-44.92
-43.95
-44.64
-44.92
-47.71
-42.85
-45.44
-46.07
-45.35
-47.02
-43.78
-43.78
-42.89
-46.56
-43.12
-45.11
-42.85
-43.71
-45.55
-44.08
-43.39
-44.12
-44.12
-44.51
-46.07
-45.44
-46.07
-45.39
-47.51
-44.83
-44.46
-44.46
-44.97
-46.34
-44.42
-44.42
-43.62
-43.82
# TIME - 00:17
-46.62
-48.51
-25.58
-26.38
-27.28
-25.67
-26.21
-28.93
-45.11
-43.62
-44.24
-44.92
-44.92
-45.15
-43.54
-45.90
-44.87
-42.96
-45.01
-43.58
-43.58
-46.17
-43.91
-44.83
-45.11
-45.60
-44.83
-45.15
-44.83
-45.85
-44.20
-44.97
-45.85
-41.39
-46.34
-46.90
-43.35
-46.17
-45.11
-46.79
-46.90
-44.83
-44.29
-47.51
-47.64
-45.25
-46.67
-46.17
-47.21
-45.50
-43.27
-44.33
-44.64
-44.73
-45.15
-46.22
-43.12
-41.98
-43.82
-43.82
-42.45
-45.60
-46.90
-47.51
-45.35
-46.39
-44.60
-44.60
-45.50
-44.42
-44.08
-46.67
-45.01
-46.12
-45.85
-43.91
-45.30
-45.01
-43.62
-45.65
-43.42
-45.75
-49.02
-43.00
-46.01
-48.10
-44.51
-45.01
-45.01
-43.22
-44.29
-43.58
-44.78
-42.93
-45.15
-46.62
-43.71
-45.39
-45.15
-44.55
-45.35
-45.65
-45.44
-46.79
-46.34
-46.73
-45.06
-47.32
-47.32
-46.01
-45.75
-46.22
-45.65
-43.62
-44.92
-43.12
-43.35
-44.60
-45.30
-47.02
-46.01
-46.39
-48.17
-46.85
-45.85
-46.12
-48.10
-43.58
-45.25
-44.20
-44.60
-44.20
-46.01
-41.58
-46.22
-45.44
-43.27
-43.86
-43.27
-44.64
-42.77
-43.91
-44.87
-42.77
-43.00
-46.50
-43.22
-46.67
-43.46
-43.82
-45.65
-45.96
-46.85
-41.69
-44.64
-45.30
-45.44
-44.64
-45.44
-45.44
-45.50
-46.01
-44.64
-42.56
-45.50
-48.10
-47.14
-44.69
-46.27
-46.27
-44.97
-46.12
-46.12
# TIME - 00:18
-48.37
-44.69
-27.99
-29.00
-30.84
-25.78
-27.96
-34.38
-29.87
-26.62
-27.96
-34.52
-45.70
-41.81
-46.27
-42.89
-24.22
-22.35
-29.75
-30.21
-29.53
-34.15
-29.32
-43.82
-43.58
-43.91
-42.31
-43.16
-45.50
-46.12
-45.44
-42.11
-42.85
-46.17
-44.92
-44.92
-44.29
-46.56
-45.30
-44.69
-46.07
-45.20
-43.27
-45.35
-45.60
-45.15
-46.17
-44.29
-45.60
-45.44
-45.06
-43.99
-44.69
-44.87
-44.42
-45.80
-45.80
-43.39
-45.35
-44.24
-44.24
-47.26
-43.99
-42.81
-45.20
-46.12
-44.83
-45.70
-48.31
-45.44
-46.17
-46.34
-43.71
-44.42
-45.35
-44.03
-43.46
-43.91
-43.82
-46.73
-43.54
-43.42
-42.04
-43.54
-43.86
-44.51
-46.50
-43.95
-46.67
-44.37
-44.08
-45.15
-42.67
-44.69
-43.58
-44.15
-43.95
-43.16
-43.16
-44.55
-44.78
-45.06
-45.30
-43.04
-45.39
-45.90
-44.83
-44.87
-46.44
-44.55
-44.55
-45.30
-45.30
-44.97
-44.73
-46.44
-44.73
-46.85
-46.50
-43.65
-45.06
-45.06
-45.15
-45.70
-41.04
-44.64
-42.63
-45.96
-43.62
-42.96
-45.39
-43.71
-46.27
-47.02
-45.44
-44.64
-46.22
-45.39
-45.96
-47.71
-45.85
-41.30
-47.08
-45.01
-42.21
-44.92
-45.65
-45.30
-45.55
-44.73
-44.64
-46.79
-44.29
-44.29
-47.51
-45.20
-48.87
-45.85
-42.42
-45.35
-45.06
-43.27
-44.73
-43.35
# TIME - 00:19
-47.51
-31.46
-26.86
-25.62
-43.42
-29.28
-46.62
-48.43
-45.25
-44.87
-44.87
-49.80
-45.30
-47.08
-46.34
-46.22
-46.22
-45.30
-45.15
-47.26
-45.06
-46.79
-47.32
-42.73
-43.54
-43.54
-44.92
-46.62
-44.42
-47.02
-45.96
-45.39
-43.71
-46.34
-45.30
-43.74
-45.01
-45.90
-44.33
-45.39
-44.03
-44.03
-46.67
-47.39
-46.27
-43.99
-47.14
-44.60
-46.44
-43.54
-45.39
-45.55
-44.64
-44.83
-45.65
-46.96
-45.35
-47.14
-45.70
-44.87
-46.01
-46.67
-46.22
-44.29
-46.73
-44.83
-45.60
-45.90
-46.67
-46.67
-44.73
-45.80
-46.62
-43.39
-42.42
-42.42
-43.74
-44.51
-44.83
-43.71
-45.96
-44.83
-44.83
-46.07
-43.91
-44.33
-46.67
-42.63
-46.96
-45.65
-42.31
-39.86
-42.77
-45.15
-44.20
-44.92
-42.45
-42.93
-41.37
-41.37
-44.69
-46.27
-42.89
-44.42
-46.85
-47.02
-45.65
-44.97
-45.01
-46.56
-46.07
-47.64
-45.80
-45.75
-46.79
-44.78
-45.15
-44.46
-45.85
-43.31
-44.92
-45.55
-46.17
-44.78
-44.60
-48.17
-45.85
-46.22
-46.27
-45.80
-44.33
-47.90
-45.20
-46.56
-44.78
-47.21
-44.69
-44.73
-45.60
-45.96
-45.50
-47.58
-45.39
-47.58
-44.83
-46.01
-43.95
-47.71
-47.02
-47.02
-46.79
-45.60
-45.85
-45.85
-46.44
-45.11
-45.11
-42.56
-43.54
-45.06
-45.44
-44.64
# TIME - 00:20
-43.00
-44.97
-24.98
-24.98
-23.12
-25.00
-28.06
-24.35
-24.89
-27.42
-29.04
-22.82
-36.49
-31.77
-34.63
-37.38
-42.17
-36.58
-46.96
-46.50
-46.50
-44.97
-44.97
-45.44
-45.96
-44.69
-47.02
-45.96
-44.60
-44.60
-44.97
-44.29
-44.20
-44.87
-44.03
-43.65
-43.65
-46.56
-44.03
-29.21
-29.21
-32.61
-25.38
-30.11
-23.96
-30.73
-30.73
-25.88
-29.58
-26.22
-21.57
-32.05
-32.05
-38.03
-40.83
-45.55
-43.04
-43.31
-42.17
-45.85
-43.82
-43.65
-43.65
-44.73
-46.17
-44.20
-44.03
-42.01
-45.06
-45.80
-44.78
-44.78
-47.32
-46.22
-48.10
-45.90
-46.44
-45.06
-42.85
-42.85
-45.35
-46.12
-45.06
-46.27
-44.87
-45.85
-45.25
-46.50
-44.64
-44.64
-45.85
-46.96
-46.79
-45.70
-46.07
-43.86
-44.51
-46.79
-48.10
-47.08
-46.27
-46.12
-46.12
-45.35
-42.93
-45.44
-46.73
-46.07
-43.78
-46.85
-47.96
-44.64
-44.20
-42.67
-43.91
-43.54
-45.75
-22.48
-35.83
-39.07
-40.13
-31.18
-31.86
-31.86
-32.59
-38.38
-43.91
-45.15
-44.29
-36.14
-36.14
-44.87
-45.01
-45.39
-45.90
-45.90
-46.22
-46.79
-46.17
-46.17
-46.34
-47.02
-47.14
-44.20
-44.60
-48.23
-45.39
-46.22
-45.01
-47.08
-43.46
-46.17
-45.11
-46.27
-43.71
-43.71
-44.33
-44.87
-45.20
-44.24
-46.96
-43.99
-44.46
-43.86
-42.73
-43.62
-43.74
-43.46
-46.56
-43.65
-44.87
-43.91
-43.95
-42.85
# TIME - 00:21
-43.82
-47.58
-24.10
-47.21
-47.21
-45.65
-44.87
-46.17
-43.91
-45.06
-44.87
-44.87
-43.18
-44.46
-46.07
-46.07
-44.55
-45.65
-45.65
-44.08
-44.08
-45.50
-45.35
-45.01
-45.50
-44.20
-44.20
-47.71
-47.71
-45.65
-44.60
-47.21
-44.78
-47.08
-43.78
-43.78
-45.70
-45.70
-46.50
-46.50
-44.78
-44.78
-47.21
-44.83
-44.92
-44.87
-44.87
-43.65
-45.25
-45.25
-42.56
-43.62
-43.62
-43.86
-43.74
-43.74
-47.39
-43.22
-44.92
-44.92
-44.51
-44.51
-45.01
-45.01
-45.80
-45.25
-46.44
-46.44
-45.30
-45.30
-46.12
-46.12
-43.91
-43.91
-46.56
-45.35
-44.20
-44.20
-45.35
-44.24
-46.79
-42.93
-42.93
-46.27
-46.27
-45.60
-46.27
-44.42
-44.42
-46.62
-46.62
-46.34
-44.37
-47.51
-46.67
-44.03
-44.03
-45.39
-44.46
-45.35
-45.35
-45.60
-45.60
-43.74
-43.74
-47.21
-47.21
-46.01
-46.27
-46.27
-45.85
-46.07
-46.07
-45.06
-46.39
-46.56
-47.14
-47.14
-43.58
-43.58
-43.58
-46.17
-44.87
-44.33
-44.97
-45.15
-45.15
-46.01
-46.67
-44.03
-46.50
-45.25
-46.22
-46.22
-45.20
-43.50
-43.50
-44.78
-44.78
-46.79
-45.85
-45.85
-45.80
-44.03
-43.82
-46.67
-46.22
-46.22
-45.80
-45.80
-47.21
-43.95
-44.03
-47.02
-45.85
-44.46
-44.46
-47.26
-47.26
-45.80
-45.80
-45.60
-47.21
-44.08
-43.82
-44.55
-44.55
-46.27
-47.83
-47.64
-47.64
-46.01
-44.08
-45.35
-45.44
-45.44
-44.20
-42.85
-42.85
-44.03
-44.03
-45.44
-45.44
-45.50
-45.50
-45.39
-45.39
-44.87
-44.87
-43.62
-46.27
-45.44
-45.44
-46.96
-44.12
-44.12
-41.09
-41.09
-35.44
-31.97
-31.39
-36.23
-23.42
-26.44
-17.67
-29.55
-29.55
-29.43
-29.43
-35.63
-43.22
-41.62
-44.51
-42.59
-42.59
-42.31
-43.08
-44.69
-44.97
-44.73
-44.92
-44.15
-44.64
-45.01
-45.01
-47.58
-44.78
-43.35
-43.82
-42.73
-45.25
-47.45
-47.45
-47.77
-47.77
-40.97
-40.74
-42.89
-32.92
-28.61
-40.15
-27.03
-33.71
-29.05
-29.05
-31.41
-32.88
-32.88
-28.08
# TIME - 00:22
-34.04
-34.04
-34.04
-25.48
-30.52
-30.52
-24.69
-31.18
-31.18
-27.39
-27.65
-32.08
-32.08
-28.01
-28.01
-26.63
-27.22
-27.22
-33.00
-43.54
-43.42
-44.12
-44.12
-43.22
-41.58
-41.58
-47.02
-47.14
-44.46
-44.83
-44.83
-43.35
-44.69
-44.69
-44.33
-43.74
-42.73
-45.20
-42.35
-45.15
-45.15
-45.06
-42.21
-43.08
-44.55
-44.55
-44.29
-44.29
-44.64
-45.25
-43.62
-44.03
-41.04
-43.16
-43.16
-44.51
-42.45
-41.94
-41.94
-42.73
-42.73
-43.58
-45.70
-47.64
-44.29
-44.29
-44.97
-44.97
-45.50
-42.93
-42.93
-46.67
-43.31
-43.39
-43.39
-41.56
-41.56
-44.08
-44.08
-39.28
-44.37
-44.37
-44.37
-44.24
-44.24
-43.91
-43.91
-42.93
-42.93
-42.93
-44.12
-43.91
-43.42
-46.01
-45.75
-44.20
-46.17
-44.97
-44.97
-42.39
-42.39
-42.11
-37.34
-37.34
-41.04
-41.04
-44.08
-45.70
-45.70
-43.27
-43.27
-41.37
-38.70
-39.16
-39.16
-39.16
-39.73
-37.87
-40.20
-42.89
-41.00
-41.98
-41.98
-42.71
-41.69
-41.52
-43.78
-42.53
-43.54
-41.28
-41.28
-43.99
-45.20
-41.15
-42.59
-42.59
-42.17
-42.17
-46.62
-46.62
-46.01
-46.01
-43.62
-42.49
-42.49
-43.42
-45.35
-49.33
-42.21
-42.39
-43.65
-43.65
-41.94
-43.95
-40.42
-40.42
-43.82
-41.00
-44.73
-42.59
-45.75
-43.04
-44.29
-44.29
-42.35
-42.81
-43.95
-43.95
-44.60
-42.81
-42.81
-45.20
-45.80
-44.24
-44.24
-42.77
-44.37
-46.50
-43.39
-42.96
-43.16
-44.60
-45.06
-45.06
-43.58
-43.16
-43.86
-44.78
-46.01
-46.01
-44.87
-45.50
-44.08
-44.08
-45.30
-47.83
-48.79
-46.44
-46.44
-44.97
-44.97
-46.90
-44.92
-46.79
-46.56
-46.56
-41.37
-45.96
-45.96
-44.64
-44.29
-44.29
-46.07
-43.00
-45.15
-45.25
-42.15
-48.43
-45.55
-44.60
-44.60
-43.54
-44.78
-46.44
-45.50
-46.39
-46.39
-42.81
-42.81
-44.12
-43.31
-46.22
-47.71
-46.96
-44.87
-44.87
-44.15
-44.15
-44.87
-44.87
-46.01
-46.01
-44.87
-44.87
-45.65
-45.65
# TIME - 00:23
-44.60
-43.65
-43.65
-43.65
-30.11
-33.43
-25.39
-30.44
-30.44
-27.97
-27.97
-24.95
-26.16
-26.16
-31.26
-31.26
-47.51
-45.90
-44.69
-44.69
-44.69
-47.58
-44.29
-47.02
-47.02
-45.70
-45.70
-44.24
-45.01
-45.01
-44.64
-44.64
-44.73
-46.44
-46.96
-47.77
-47.77
-46.67
-45.75
-43.04
-47.39
-48.23
-47.21
-45.60
-45.60
-47.45
-47.45
-44.08
-44.08
-45.80
-45.80
-42.17
-42.56
-42.56
-45.11
-45.11
-44.37
-44.37
-42.07
-46.27
-46.27
-43.35
-43.35
-44.46
-45.55
-45.55
-42.96
-42.96
-44.69
-44.69
-43.54
-43.54
-44.69
-44.69
-45.75
-45.75
-44.64
-45.35
-45.35
-44.12
-46.07
-47.08
-47.45
-46.85
-46.62
-46.62
-46.62
-46.62
-43.58
-44.15
-44.15
-45.65
-45.65
-45.80
-44.60
-45.96
-45.06
-24.75
-33.34
-27.34
-28.77
-28.77
-41.98
-24.36
-31.59
-31.59
-42.11
-42.11
-43.62
-46.79
-43.99
-47.64
-44.83
-44.83
-46.34
-46.34
-46.34
-42.85
-44.60
-45.55
-44.46
-44.46
-44.55
-45.35
-45.30
-43.91
-43.91
-43.31
-43.54
-43.54
-42.17
-44.29
-44.20
-45.50
-43.71
-43.71
-41.98
-41.98
-43.99
-46.67
-46.67
-43.74
-45.50
-43.78
-43.82
-43.82
-46.56
-46.39
-44.87
-44.87
-44.97
-46.44
-45.85
-45.06
-45.90
-44.92
-40.37
-30.45
-39.23
-39.23
-41.98
-41.98
-46.12
-44.87
-44.87
-46.44
-46.44
-44.55
-43.99
-45.11
-45.11
-44.87
-46.62
-46.62
-44.03
-44.03
-44.69
-44.69
-44.69
-45.70
-45.70
-43.99
-43.99
-48.23
-44.73
-44.73
-46.56
-45.70
-45.35
-44.15
-40.49
-42.81
-45.80
-42.71
-42.71
-45.65
-45.65
-44.92
-44.92
-42.25
-42.25
-43.46
-40.77
-40.77
-43.31
-43.31
-37.67
-39.04
-42.15
-42.85
-41.06
-43.62
-44.29
-44.29
-43.35
-43.35
-46.56
-45.44
-45.44
-43.39
-46.50
-42.01
-43.95
-39.83
-39.83
-45.39
-45.90
-46.39
-44.73
-44.73
-43.46
-43.46
-44.42
-44.42
-43.42
-44.20
-44.20
-45.01
-46.12
-46.79
-46.07
-46.39
-45.44
-45.44
-46.34
-45.39
-44.46
-46.44
-46.85
-44.87
-44.15
-46.44
-46.44
-43.16
-43.16
-44.64
-43.00
-43.71
-44.69
-47.26
-47.26
-45.80
-45.80
-45.35
-45.11
-45.11
-45.50
-45.50
-45.01
-46.22
-46.22
-44.55
-44.55
-46.39
-45.96
-45.96
-45.39
-43.42
-46.27
-46.27
-41.98
-47.96
-45.75
-46.67
-46.67
# TIME - 00:24
-44.87
-44.24
-44.24
-46.73
-46.73
-27.73
-25.52
-27.00
-27.83
-27.83
-27.34
-27.34
-30.10
-30.10
-44.87
-44.87
-28.70
-32.87
-45.30
-45.30
-45.30
-45.01
-39.42
-42.17
-42.17
-42.39
-47.45
-47.45
-43.95
-45.80
-46.39
-46.39
-42.53
-42.53
-41.28
-41.28
-42.89
-40.68
-43.31
-43.31
-44.55
-44.55
-45.65
-45.65
-46.34
-46.34
-43.62
-44.55
-46.34
-46.34
-43.27
-43.27
-44.73
-42.93
-42.04
-44.03
-44.03
-23.53
-35.63
-41.50
-41.50
-43.35
-43.35
-45.30
-45.30
-45.20
-45.20
-48.23
-48.23
-44.97
-44.12
-44.87
-42.49
-42.49
-35.11
-36.98
-36.98
-38.16
-38.16
-42.31
-36.74
-40.01
-40.01
-42.73
-43.27
-40.54
-41.39
-40.08
-40.08
-42.45
-42.45
-39.78
-39.78
-43.95
-43.95
-45.50
-45.50
-37.20
-39.94
-39.94
-40.29
-40.01
-44.15
-45.90
-45.75
-38.70
-33.10
-40.95
-40.95
-42.39
-42.39
-42.59
-45.01
-43.65
-46.34
-45.30
-43.62
-44.92
-44.08
-45.01
-45.01
-37.78
-40.26
-40.15
-40.15
-40.46
-40.46
-38.90
-40.95
-40.23
-45.11
-42.07
-46.90
-46.90
-42.67
-45.96
-45.96
-44.55
-47.96
-45.60
-45.55
-45.55
-46.39
-46.39
-44.46
-45.25
-43.65
-46.12
-46.12
-45.60
-45.60
-45.60
-44.73
-44.73
-44.78
-44.78
-43.86
-43.27
-44.55
-43.95
-45.50
-45.50
-43.39
-43.39
-43.12
-43.12
-45.11
-45.25
-44.08
-44.08
-46.22
-46.22
-46.22
-45.15
-46.22
-46.22
-45.75
-45.30
-45.30
-46.96
-46.96
-45.35
-43.82
-43.82
-42.56
-45.39
-46.90
-45.55
-44.37
-43.35
-43.35
-42.31
-42.31
-45.50
-45.50
-47.51
-43.00
-43.00
-45.01
-43.50
-45.06
-41.09
-44.46
-44.46
-45.35
-45.35
-43.50
-45.90
-45.90
-46.01
-41.88
-40.74
-47.21
-46.90
-47.96
-45.55
-45.55
-47.71
-45.90
-45.90
-40.74
-41.00
-41.69
-41.69
-42.35
-42.35
-38.26
-37.87
-37.87
-41.28
-41.28
-45.30
-42.93
-42.93
-41.78
-44.42
-45.15
-44.24
-44.73
-44.73
-44.42
-45.15
-45.15
-47.96
-47.96
-46.12
-44.51
-45.39
-45.39
-47.08
-47.08
-43.95
-45.11
-44.37
-46.56
-44.15
-44.15
-46.44
-46.44
-44.92
-44.92
-45.30
-45.30
-46.17
-45.85
-44.33
-44.24
-45.50
-45.50
-46.01
-45.90
-47.71
-44.92
-44.97
-46.67
-46.67
-45.75
-47.26
-43.91
-46.56
-45.75
-45.75
-46.44
-43.74
-45.39
# TIME - 00:25
-46.56
-46.34
-46.34
-43.62
-43.62
-31.25
-31.25
-25.06
-30.71
-45.60
-46.56
-45.50
-45.50
-44.37
-44.37
-47.83
-47.83
-44.73
-44.08
-45.30
-44.37
-45.75
-49.02
-47.58
-45.60
-45.60
-44.69
-44.69
-47.21
-47.21
-39.50
-38.13
-42.77
-42.53
-40.97
-42.35
-41.30
-44.03
-44.03
-44.20
-44.20
-44.29
-41.69
-41.69
-44.20
-44.20
-45.11
-45.11
-46.90
-44.46
-44.51
-44.37
-45.96
-42.49
-42.73
-42.73
-45.30
-45.30
-41.56
-40.86
-44.87
-45.01
-45.01
-44.69
-44.69
-43.12
-46.27
-43.86
-43.86
-44.51
-44.51
-44.73
-44.87
-44.87
-45.50
-43.50
-43.65
-47.64
-47.64
-47.08
-47.08
-47.21
-47.21
-45.44
-45.80
-45.80
-44.29
-46.01
-46.39
-46.12
-46.12
-46.56
-46.56
-47.71
-42.67
-42.93
-44.64
-46.73
-46.73
-43.54
-44.29
-46.27
-44.83
-44.73
-43.91
-43.65
-45.70
-45.70
-46.96
-46.96
-44.73
-42.39
-42.71
-43.74
-46.22
-48.95
-46.39
-46.39
-45.85
-46.12
-46.90
-45.96
-45.96
-46.01
-46.01
-43.50
-43.50
-43.95
-43.95
-45.11
-44.33
-39.68
-47.14
-47.14
-39.58
-43.00
-43.00
-44.15
-44.15
-43.50
-45.15
-39.94
-45.44
-45.11
-45.11
-43.00
-46.12
-46.12
-43.95
-43.54
-43.54
-47.96
-44.97
-46.07
-44.78
-48.23
-49.18
-46.01
-46.44
-46.44
-47.39
-46.07
-46.07
-44.24
-44.24
-45.65
-43.50
-45.01
-43.71
-45.11
-45.65
-45.65
-45.70
-45.70
-42.81
-47.32
-48.23
-45.35
-44.97
-46.27
-44.92
-44.92
-44.69
-44.69
-46.73
-46.73
-44.15
-44.29
-45.20
-46.44
-47.39
-45.30
-45.65
-45.65
-45.60
-45.60
-45.25
-44.60
-41.33
-43.99
-47.58
-45.25
-44.20
-44.78
-44.78
-45.70
-44.55
-44.55
-43.12
-41.71
-41.71
-47.39
-45.20
-43.78
-45.44
-45.44
-47.39
-47.39
-44.33
-46.01
-46.01
-45.35
-45.35
-46.39
-45.35
-45.35
-46.27
-46.27
-45.75
-45.75
-46.62
-43.16
-43.16
-44.46
-44.60
-45.60
-45.30
-43.91
-44.03
-44.03
-45.50
-43.46
-43.46
-47.08
-44.55
-41.84
-41.84
-46.17
-46.17
-46.56
-46.56
-44.03
-45.25
-45.25
-44.20
-43.95
-43.46
-45.96
-45.50
-45.90
-43.99
-43.54
-43.54
-46.56
-46.56
-43.39
-41.75
-41.75
-43.50
-42.04
-45.20
-45.20
-46.34
-43.62
# TIME - 00:26
-44.08
-44.69
-44.69
-43.71
-41.43
-41.43
-32.58
-29.84
-29.84
-31.30
-24.01
-24.01
-32.13
-44.69
-44.69
-43.39
-43.39
-44.37
-44.37
-46.27
-43.78
-38.99
-44.37
-42.15
-38.03
-38.90
-42.04
-41.50
-44.78
-41.71
-44.12
-44.69
-38.44
-38.44
-39.96
-43.82
-42.35
-42.35
-45.96
-46.22
-42.27
-42.27
-43.62
-43.62
-43.39
-43.39
-45.35
-38.65
-38.65
-42.89
-42.89
-42.77
-42.77
-45.60
-44.20
-46.73
-44.37
-44.78
-44.78
-43.62
-38.26
-38.26
-38.26
-39.81
-39.96
-39.96
-39.88
-39.88
-39.73
-43.78
-44.92
-43.04
-45.90
-42.17
-42.17
-44.92
-45.70
-45.70
-44.60
-44.87
-42.93
-46.73
-46.73
-45.80
-44.15
-43.74
-43.74
-46.34
-45.25
-45.25
-44.83
-44.83
-44.73
-44.73
-46.67
-45.75
-45.75
-43.42
-43.42
-42.01
-43.35
-39.68
-42.01
-43.16
-43.16
-42.17
-45.44
-44.51
-46.34
-45.60
-45.60
-45.15
-45.15
-44.33
-44.33
-46.67
-44.51
-44.51
-46.44
-46.22
-45.90
-43.50
-44.46
-44.46
-45.20
-45.20
-44.60
-45.55
-44.46
-43.42
-46.34
-46.34
-46.22
-46.22
-43.74
-46.50
-46.50
-43.95
-43.95
-44.55
-44.55
-45.30
-45.30
-44.03
-44.03
-46.12
-46.12
-44.24
-45.75
-43.95
-45.15
-44.42
-46.96
-44.51
-45.25
-45.25
-43.50
-45.06
-45.06
-43.50
-43.50
-45.15
-45.15
-41.75
-42.01
-42.73
-40.18
-40.18
-41.98
-42.89
-42.89
-37.67
-37.67
-43.95
-43.95
-42.53
-42.59
-44.03
-44.03
-46.34
-45.50
-46.12
-43.86
-43.86
-43.08
-43.08
-45.80
-44.64
-44.64
-44.03
-44.03
-43.50
-42.85
-41.50
-41.50
-41.15
-41.15
-41.09
-41.09
-39.71
-39.37
-39.37
-41.37
-44.03
-45.15
-43.00
-43.00
-45.30
-45.30
-43.99
-43.99
-44.20
-44.33
-44.92
-44.92
-45.65
-46.96
-44.33
-44.33
-43.50
-43.50
-46.27
-46.12
-46.12
-47.39
-47.39
-46.44
-44.20
-43.91
-44.51
-44.51
-43.65
-43.65
-43.82
-45.65
-45.65
-43.31
-44.73
-45.44
-46.17
-46.17
-44.46
-41.90
-45.15
-45.15
-45.60
-44.29
-45.30
-45.30
-45.25
-45.60
-46.90
-39.65
-39.65
-43.39
-43.39
-46.07
-46.39
-46.39
-46.79
-46.79
-44.78
-43.58
-42.71
-43.50
-43.50
-43.46
-44.42
-44.24
-45.75
-45.75
-44.87
-45.96
-44.15
-44.64
-44.64
-43.62
-43.62
-44.78
-44.78
-48.23
-44.08
# TIME - 00:27
-44.29
-34.48
-25.92
-31.97
-26.76
-26.48
-27.14
-32.17
-32.17
-39.60
-39.60
-31.00
-29.14
-36.70
-36.70
-45.50
-45.90
-47.26
-45.11
-43.99
-47.64
-47.64
-43.91
-44.46
-44.20
-43.27
-43.27
-47.26
-47.26
-44.87
-45.55
-43.62
-47.39
-47.39
-49.18
-49.18
-46.85
-43.50
-43.31
-45.30
-47.32
-47.32
-46.07
-46.07
-45.80
-45.35
-45.35
-46.01
-46.01
-44.55
-45.65
-44.42
-44.42
-45.55
-45.11
-45.11
-45.30
-45.30
-43.54
-45.75
-46.17
-46.17
-44.92
-44.97
-44.97
-46.44
-43.74
-43.74
-45.80
-42.73
-44.37
-46.90
-46.90
-46.07
-46.07
-42.31
-42.31
-45.60
-44.24
-44.24
-43.71
-46.39
-46.39
-44.60
-44.60
-45.80
-45.80
-44.73
-44.73
-46.96
-46.96
-46.22
-47.08
-45.65
-44.69
-44.92
-44.92
-45.75
-45.70
-46.39
-46.50
-46.50
-45.75
-44.15
-44.29
-44.29
-44.97
-44.97
-44.33
-45.60
-45.60
-45.60
-42.45
-42.45
-45.85
-42.15
-42.15
-44.42
-44.42
-46.12
-46.12
-45.50
-45.01
-45.01
-46.39
-45.65
-45.65
-45.06
-45.06
-46.56
-46.56
-47.14
-47.14
-43.27
-43.27
-46.22
-46.22
-43.39
-43.39
-45.85
-44.03
-43.62
-45.01
-44.46
-43.16
-43.12
-41.58
-41.58
-40.08
-41.15
-41.90
-41.56
-40.54
-40.54
-43.91
-43.91
-42.25
-39.88
-39.88
-38.70
-42.59
-36.78
-36.49
-43.42
-43.42
-41.04
-41.04
-40.83
-40.83
-37.97
-41.65
-39.18
-39.18
-41.52
-41.52
-39.53
-39.53
-39.31
-38.65
-39.31
-39.31
-34.70
-38.71
-38.71
-29.10
-35.36
-35.36
-34.24
-34.24
-33.20
-32.49
-28.60
-31.92
-34.38
-34.38
-41.21
-41.58
-41.58
-39.88
-39.28
-41.62
-41.62
-41.71
-41.71
-42.17
-39.88
-39.88
-29.30
-41.43
-25.58
-29.96
-22.58
-35.65
-36.56
-36.56
-25.10
-25.10
-36.23
-36.23
-34.75
-34.75
-31.80
-31.80
-33.67
-33.67
-34.34
-39.09
-39.09
-34.42
-43.39
-45.96
-45.96
-40.70
-40.70
-43.46
-43.46
-42.56
-42.56
-45.06
-45.06
-44.08
-46.27
-43.16
-43.99
-43.99
-47.32
-47.32
-45.65
-45.01
-45.01
-46.79
-43.86
-43.86
-44.60
-44.60
-44.20
-44.20
-43.16
-43.16
-43.18
-44.69
-45.90
-44.73
-43.08
-43.08
-43.65
-43.65
-42.85
-42.85
-36.95
-41.94
-45.80
-44.83
-44.83
-45.30
-45.30
-44.12
-38.13
-39.13
-38.85
-38.26
-38.26
-34.65
-36.13
-36.13
-41.98
# TIME - 00:28
-41.98
-43.16
-43.74
-43.74
-33.12
-24.83
-28.35
-26.10
-29.14
-33.05
-33.05
-34.07
-25.71
-25.71
-27.54
-27.54
-28.78
-44.08
-44.08
-45.44
-41.94
-41.94
-44.29
-42.63
-43.42
-43.42
-43.27
-43.27
-43.62
-43.42
-43.42
-43.39
-43.39
-39.88
-39.13
-43.00
-42.96
-44.29
-46.39
-46.39
-46.85
-45.30
-43.58
-42.53
-42.53
-42.42
-42.42
-41.24
-40.29
-30.79
-30.79
-34.59
-40.54
-40.54
-41.21
-41.21
-41.81
-42.67
-44.42
-45.06
-45.06
-45.01
-45.01
-44.87
-44.87
-44.20
-42.71
-42.71
-43.00
-43.00
-43.95
-43.95
-44.15
-44.15
-41.90
-41.90
-45.25
-42.71
-42.96
-43.91
-44.51
-45.96
-45.75
-42.67
-42.67
-46.62
-46.62
-43.62
-45.20
-43.99
-45.85
-47.26
-47.26
-44.46
-44.46
-46.44
-45.96
-43.86
-43.86
-42.81
-45.85
-43.99
-43.99
-45.11
-42.21
-44.33
-43.27
-42.27
-42.27
-43.74
-43.74
-43.27
-43.27
-40.68
-40.68
-43.91
-43.91
-44.42
-44.42
-46.17
-45.90
-42.59
-43.86
-43.86
-44.42
-44.37
-44.37
-44.87
-44.87
-45.70
-45.70
-44.12
-42.27
-42.27
-45.01
-43.74
-43.74
-42.45
-42.45
-46.50
-43.95
-43.95
-40.42
-38.94
-40.79
-43.16
-43.16
-44.12
-44.78
-48.10
-43.12
-42.73
-42.73
-42.85
-39.68
-41.30
-44.08
-42.85
-42.85
-43.82
-43.86
-44.55
-44.33
-44.33
-45.30
-45.30
-43.58
-43.58
-45.39
-45.39
-43.16
-41.09
-42.53
-42.53
-43.22
-46.22
-29.23
-29.23
-43.08
-43.78
-43.78
-42.15
-42.15
-43.35
-43.35
-44.51
-44.51
-43.39
-43.39
-41.88
-44.12
-44.42
-36.95
-43.16
-45.75
-42.71
-42.71
-45.35
-44.73
-44.73
-42.49
-42.49
-44.55
-44.55
-44.42
-44.42
-45.50
-41.24
-41.24
-43.62
-43.35
-46.12
-46.12
-43.71
-43.71
-45.30
-45.30
-45.80
-45.80
-46.85
-46.85
-38.50
-40.18
-40.18
-40.20
-40.20
-41.46
-40.15
-40.15
-41.98
-41.98
-41.84
-39.11
-39.11
-36.29
-38.76
-39.68
-39.53
-39.53
-40.23
-43.39
-41.75
-42.15
-42.15
-47.58
-44.03
-44.83
-44.83
-37.41
-35.59
-35.59
-32.87
-32.87
-37.00
-37.00
-25.30
-24.87
-40.86
-40.86
-34.90
-36.19
-23.25
-22.45
-22.45
-39.42
-37.90
-37.60
-37.60
-33.84
-35.12
-37.53
-34.01
-38.93
-36.69
-37.19
-40.88
-40.88
-36.04
-38.49
-34.90
-38.19
-38.19
-40.01
-43.65
-43.65
-44.24
-48.43
-43.62
-38.67
-35.30
-35.30
-43.39
-43.39
-40.35
-40.35
# TIME - 00:29
-41.06
-41.75
-42.25
-30.29
-24.92
-26.90
-26.90
-27.58
-27.58
-29.50
-30.93
-42.81
-42.81
-30.31
-30.31
-28.18
-29.15
-29.15
-32.28
-32.28
-25.56
-25.56
-22.89
-39.11
-34.85
-31.21
-32.06
-26.04
-26.04
-24.78
-31.92
-44.92
-45.85
-45.85
-43.78
-43.78
-41.15
-39.23
-44.69
-44.69
-42.01
-41.62
-31.35
-31.35
-32.82
-32.82
-41.43
-41.43
-41.50
-41.50
-36.40
-42.85
-41.00
-41.00
-43.86
-43.22
-43.22
-43.74
-43.00
-40.54
-40.54
-45.11
-45.11
-42.73
-42.73
-44.42
-45.06
-42.42
-42.42
-43.95
-40.15
-40.15
-45.39
-45.39
-43.65
-45.01
-45.01
-42.39
-42.25
-45.01
-42.39
-42.39
-44.20
-44.20
-43.78
-42.49
-42.49
-42.67
-42.67
-45.01
-45.01
-44.08
-44.08
-45.75
-45.75
-43.95
-45.50
-44.92
-42.01
-42.01
-43.78
-43.78
-46.12
-46.96
-46.96
-42.45
-45.50
-45.11
-45.60
-45.60
-43.86
-45.15
-44.15
-43.16
-43.16
-45.90
-33.28
-41.75
-41.75
-44.33
-44.33
-45.50
-45.50
-45.90
-46.22
-46.22
-45.96
-45.96
-42.39
-42.39
-44.51
-42.31
-43.18
-43.18
-44.20
-45.44
-45.44
-45.85
-46.07
-45.20
-42.59
-43.35
-43.74
-43.74
-43.35
-44.60
-46.85
-45.20
-45.90
-43.58
-44.83
-43.39
-43.39
-44.24
-44.24
-40.91
-45.01
-44.60
-47.08
-46.07
-46.39
-46.39
-43.22
-43.22
-43.62
-45.65
-45.65
-46.22
-46.22
-43.62
-43.62
-43.99
-43.99
-44.29
-44.69
-44.69
-45.44
-45.44
-46.01
-43.62
-43.62
-44.24
-44.24
-44.83
-43.78
-43.71
-43.71
-45.80
-45.80
-45.75
-42.42
-42.42
-45.65
-45.65
-46.56
-46.56
-45.39
-45.39
-47.90
-47.90
-45.60
-43.54
-43.54
-46.12
-45.85
-45.85
-45.65
-43.12
-43.12
-44.42
-44.42
-44.42
-44.42
-44.33
-45.70
-45.20
-46.01
-44.08
-43.91
-43.91
-44.08
-43.18
-44.29
-44.29
-44.33
-44.33
-43.04
-43.99
-43.99
-43.62
-43.62
-43.16
-43.16
-43.62
-44.12
-44.12
-47.51
-47.51
-46.27
-46.27
-44.51
-46.73
-46.73
-45.01
-45.01
-44.51
-45.25
-43.42
-43.42
-45.55
-45.55
-45.20
-45.20
-44.03
-43.95
-43.95
-44.78
-42.15
-43.65
-43.65
-41.58
-41.56
-41.56
-43.82
-43.82
-38.19
-40.95
-39.91
-39.91
-45.65
-46.27
-46.27
-45.20
-45.20
-44.69
-44.51
-44.51
-45.39
-45.39
-45.70
-46.44
-46.44
-47.51
-47.51
-44.51
-46.34
-42.77
-42.77
-44.08
-40.37
-40.37
-41.46
-41.46
-45.70
-45.70
-45.50
-45.50
-43.08
-43.08
-42.39
-42.39
-45.20
-45.20
-42.07
-42.04
-45.01
-42.53
-43.50
-44.29
# TIME - 00:30
-41.90
-42.31
-42.85
-29.39
-29.12
-29.12
-45.44
-45.44
-46.73
-46.73
-46.01
-45.15
-43.12
-44.92
-44.92
-44.92
-42.45
-42.45
-42.11
-44.12
-44.12
-37.16
-26.11
-26.11
-33.93
-33.93
-26.68
-39.53
-39.53
-42.85
-42.85
-43.35
-42.49
-43.46
-43.46
-45.55
-45.55
-42.85
-42.85
-43.54
-45.60
-45.39
-44.73
-44.73
-46.01
-45.90
-46.73
-46.73
-46.73
-45.96
-45.96
-45.15
-45.15
-46.39
-45.06
-45.06
-46.17
-46.17
-44.78
-44.78
-44.69
-44.69
-46.12
-46.12
-43.95
-43.27
-43.27
-45.85
-45.85
-43.42
-45.35
-45.96
-45.96
-43.35
-45.35
-44.55
-43.58
-46.73
-45.85
-45.85
-44.03
-44.03
-44.78
-44.78
-47.08
-45.01
-45.01
-46.07
-46.50
-46.50
-45.70
-45.70
-44.69
-45.44
-45.44
-42.07
-42.07
-46.39
-46.39
-44.33
-44.33
-41.84
-41.84
-43.42
-45.35
-44.83
-43.91
-43.62
-43.58
-43.58
-45.80
-42.04
-47.39
-44.20
-43.00
-45.70
-45.01
-43.91
-45.50
-45.50
-44.08
-44.73
-44.73
-43.65
-43.65
-44.83
-44.83
-46.01
-46.22
-46.22
-45.65
-45.01
-45.01
-43.71
-43.71
-45.44
-46.07
-44.42
-43.99
-45.01
-45.01
-42.85
-43.86
-43.71
-43.71
-42.15
-42.15
-44.12
-44.12
-42.81
-42.81
-42.63
-42.63
-42.39
-42.39
-46.01
-45.50
-46.27
-46.27
-48.10
-48.10
-46.17
-46.17
-43.74
-43.74
-46.12
-46.12
-44.29
-44.29
-43.78
-43.78
-45.60
-45.60
-45.60
-40.70
-40.70
-41.18
-37.94
-38.79
-37.78
-37.78
-36.52
-36.52
-34.98
-34.98
-35.49
-25.06
-25.06
-32.47
-32.47
-35.23
-37.90
-37.90
-40.70
-40.70
-35.87
-45.20
-44.12
-44.12
-42.39
-42.39
-43.99
-44.33
-44.33
-43.54
-45.70
-44.83
-44.83
-44.46
-44.24
-45.70
-45.70
-45.11
-45.15
-42.59
-43.82
-43.82
-43.95
-43.39
-44.20
-36.15
-39.18
-43.91
-43.91
-26.75
-26.75
-35.30
-35.30
-24.69
-31.18
-23.05
-23.05
-23.05
-34.48
-21.55
-21.55
-22.15
-22.15
-33.28
-35.83
-35.83
-29.42
-29.42
-29.84
-29.84
-27.35
-37.04
-37.70
-43.62
-43.62
-42.53
-42.07
-43.00
-43.00
-43.95
-43.95
-44.12
-47.26
-46.17
-44.60
-45.20
-45.20
-43.54
-43.62
-45.55
-45.55
-46.67
-46.67
-46.22
-47.45
-47.45
-43.18
-45.11
-45.11
-46.79
-44.60
-33.02
-39.26
-44.78
-44.78
-46.62
-46.62
-46.22
-45.70
-45.70
-47.26
-47.26
-44.42
-44.42
-44.73
-44.73
-45.30
-44.08
-45.15
-45.15
-44.60
-44.60
-44.64
-44.64
-48.31
-45.65
-47.45
-44.03
-44.97
-47.26
-43.50
-45.35
-47.26
-44.92
-44.92
-44.92
-45.85
# TIME - 00:31
-43.99
-46.50
-30.59
-30.47
-45.75
-45.75
-44.92
-45.85
-45.85
-43.16
-43.16
-43.74
-44.24
-44.92
-47.39
-43.31
-46.01
-44.78
-45.85
-45.85
-45.75
-46.17
-46.17
-44.03
-43.54
-43.54
-44.87
-46.50
-45.39
-43.82
-46.39
-45.30
-44.69
-44.69
-45.25
-43.99
-43.99
-47.32
-47.08
-43.46
-41.81
-45.11
-45.11
-45.06
-42.59
-42.59
-44.15
-46.34
-48.51
-48.51
-46.62
-46.62
-47.77
-47.77
-45.11
-45.11
-44.29
-44.29
-46.17
-45.80
-45.50
-44.37
-46.44
-45.60
-45.60
-45.01
-45.01
-47.32
-47.32
-46.96
-44.12
-45.60
-45.60
-45.65
-45.65
-45.96
-45.96
-46.79
-47.08
-44.08
-44.08
-46.73
-45.44
-47.08
-46.62
-45.11
-46.62
-44.92
-46.27
-46.27
-45.01
-45.11
-43.95
-43.95
-46.67
-46.39
-46.39
-45.70
-45.70
-47.39
-48.31
-48.31
-44.64
-44.64
-45.85
-45.85
-43.82
-43.82
-46.12
-46.12
-45.01
-45.01
-44.46
-47.71
-43.82
-45.90
-46.67
-46.56
-46.56
-46.62
-45.75
-45.75
-45.01
-47.21
-47.21
-45.55
-45.55
-44.97
-45.96
-45.85
-43.95
-43.95
-44.15
-44.87
-44.87
-45.39
-45.39
-43.46
-44.51
-44.51
-46.90
-45.06
-45.06
-47.02
-43.65
-43.65
-46.01
-45.75
-45.30
-46.56
-46.56
-44.51
-42.42
-42.42
-46.56
-46.56
-46.44
-45.11
-46.01
-42.31
-43.99
-44.92
-46.44
-43.82
-45.25
-45.25
-45.01
-44.29
-44.97
-44.20
-44.20
-46.39
-46.39
-47.21
-46.56
-46.56
-42.59
-46.01
-46.01
-43.65
-43.65
-44.03
-44.03
-47.08
-43.42
-43.74
-43.74
-22.25
-22.25
-28.08
-30.49
-30.49
-30.85
-27.39
-29.70
-29.70
-37.32
-37.32
-27.87
-35.76
-35.76
-44.97
-44.46
-45.60
-46.50
-44.92
-44.92
-42.21
-42.21
-40.83
-43.35
-44.87
-44.60
-44.60
-43.58
-43.58
-47.02
-47.02
-44.87
-45.96
-46.07
-46.07
-44.46
-44.46
-46.73
-46.73
-48.73
-48.73
-44.37
-44.64
-44.73
-44.83
-44.83
-47.71
-45.15
-45.60
-46.12
-46.12
-45.11
-45.11
-43.12
-44.51
-44.51
-44.20
-44.20
-44.20
-43.86
-43.86
-43.86
-44.64
-44.83
-45.65
-45.01
-44.97
-45.30
-44.92
-44.92
-46.62
-46.62
-46.44
-43.35
-43.27
-43.16
-43.16
-46.50
-42.81
-44.33
-43.62
-43.12
-43.12
-46.44
-46.44
-45.11
-43.78
-46.07
-46.07
-44.83
# TIME - 00:32
-43.71
-45.15
-45.15
-45.15
-30.75
-30.75
-30.82
-29.01
-45.15
-44.42
-44.42
-45.01
-44.73
-44.73
-45.65
-45.65
-43.91
-44.37
-43.82
-45.25
-45.25
-46.39
-45.90
-45.55
-47.14
-47.14
-45.60
-45.85
-45.85
-45.39
-45.30
-45.30
-45.65
-46.39
-45.70
-47.26
-45.35
-45.55
-47.08
-45.30
-45.30
-44.12
-44.83
-44.83
-46.07
-46.07
-45.75
-44.64
-47.26
-45.60
-45.70
-46.73
-44.51
-44.51
-46.17
-46.17
-45.15
-45.15
-46.12
-46.17
-44.78
-43.54
-43.54
-45.96
-46.79
-46.12
-43.16
-43.16
-43.86
-45.75
-45.75
-45.01
-45.01
-45.15
-45.15
-45.06
-45.25
-44.83
-46.73
-46.73
-44.12
-44.12
-45.90
-45.90
-44.78
-44.78
-44.83
-44.83
-45.20
-45.20
-47.02
-47.02
-44.42
-44.12
-44.78
-44.83
-44.83
-46.39
-46.39
-43.78
-46.44
-46.67
-45.15
-45.15
-48.10
-48.10
-46.85
-46.85
-45.90
-47.08
-44.46
-44.55
-44.55
-44.92
-43.74
-43.74
-44.69
-44.69
-45.90
-45.90
-43.35
-43.35
-46.90
-46.90
-46.27
-46.27
-46.44
-44.83
-45.15
-44.12
-44.20
-45.65
-43.12
-43.12
-47.51
-42.93
-42.93
-44.12
-44.12
-43.22
-43.22
-46.12
-44.97
-44.97
-46.79
-42.81
-45.55
-45.15
-46.73
-46.73
-46.90
-42.56
-44.12
-44.12
-42.17
-42.17
-41.39
-41.39
-44.51
-44.51
-43.46
-43.39
-46.27
-46.27
-44.60
-45.60
-45.06
-44.33
-45.25
-45.20
-46.01
-46.01
-43.86
-44.29
-48.51
-48.37
-44.64
-42.01
-42.01
-43.27
-43.39
-45.15
-43.95
-44.37
-45.90
-45.30
-45.30
-43.58
-43.58
-45.25
-46.01
-45.80
-45.80
-45.11
-47.32
-47.32
-44.97
-45.75
-46.67
-46.67
-46.67
-46.73
-45.25
-46.56
-45.30
-43.54
-45.70
-45.70
-44.73
-44.73
-46.62
-46.62
-45.80
-48.10
-48.10
-46.12
-46.90
-46.90
-44.83
-45.80
-44.92
-44.92
-44.92
-46.22
-44.20
-46.96
-44.97
-43.35
-43.35
-43.31
-44.92
-48.37
-48.37
-44.60
-43.78
-43.78
-46.79
-44.69
-42.31
-46.39
-46.39
-45.15
-46.27
-46.27
-44.83
-46.22
-46.22
-45.11
-45.11
-46.07
-45.25
-44.12
-41.71
-45.20
-45.44
# TIME - 00:33
-46.22
-45.25
-45.06
-45.30
-29.41
-29.19
-26.24
-35.59
-44.37
-45.85
-44.92
-45.70
-44.92
-44.29
-41.52
-41.52
-43.35
-43.18
-45.90
-41.30
-43.46
-43.58
-45.11
-45.85
-45.85
-45.60
-43.86
-43.86
-45.55
-45.06
-43.99
-43.00
-43.00
-42.21
-44.51
-44.51
-43.16
-43.16
-46.27
-45.55
-46.07
-45.39
-45.39
-44.12
-44.03
-41.78
-43.12
-44.69
-46.79
-46.79
-46.50
-45.06
-47.02
-39.99
-39.99
-42.11
-42.11
-44.83
-44.42
-47.14
-47.14
-46.50
-44.12
-44.29
-44.51
-44.51
-47.45
-42.77
-46.62
-46.62
-47.39
-46.39
-45.65
-45.65
-45.25
-45.11
-46.73
-46.73
-46.73
-43.35
-43.35
-44.33
-47.02
-47.08
-42.85
-42.85
-46.22
-43.27
-46.27
-46.27
-46.44
-46.44
-44.51
-42.15
-46.22
-46.22
-45.80
-43.99
-43.99
-45.96
-45.20
-45.20
-46.44
-45.01
-45.90
-45.90
-44.46
-44.12
-44.12
-46.07
-42.25
-46.39
-46.39
-43.00
-43.00
-45.25
-45.25
-43.62
-44.69
-45.96
-45.44
-44.97
-44.97
-48.43
-48.43
-46.22
-43.58
-45.15
-46.07
-46.90
-46.90
-45.75
-45.75
-45.75
-46.62
-46.62
-44.42
-46.96
-44.42
-44.33
-44.33
-45.44
-46.56
-46.56
-45.30
-46.73
-46.73
-42.73
-42.73
-45.30
-44.29
-48.73
-47.64
-43.35
-43.35
-45.80
-44.33
-44.29
-44.29
-43.78
-45.65
-44.24
-46.67
-47.21
-45.44
-44.03
-43.35
-43.95
-42.67
-44.42
-45.11
-45.06
-46.39
-44.08
-44.08
-45.90
-44.73
-46.27
-46.27
-45.60
-45.11
-45.11
-45.15
-46.56
-46.56
-45.25
-47.02
-47.02
-46.96
-45.39
-43.27
-45.80
-44.15
-45.39
-44.69
-46.44
-46.44
-46.12
-43.95
-43.95
-45.70
-44.37
-44.37
-43.46
-42.96
-45.01
-46.85
-41.58
-46.12
-45.96
-43.42
-43.42
# TIME - 00:34
-34.15
-40.23
-40.23
-30.93
-30.70
-32.03
-45.50
-45.06
-45.11
-43.58
-44.69
-37.37
-40.56
-44.97
-44.97
-43.16
-44.42
-44.42
-44.12
-43.86
-44.42
-46.01
-44.73
-44.46
-41.62
-43.86
-44.97
-44.15
-40.88
-40.95
-44.12
-37.64
-41.43
-42.67
-41.33
-38.59
-39.91
-43.16
-43.16
-44.29
-44.29
-43.04
-43.04
-43.54
-43.42
-43.42
-45.39
-45.30
-45.96
-43.46
-43.46
-45.50
-46.73
-44.08
-42.96
-42.96
-44.64
-44.64
-46.01
-46.01
-42.59
-42.59
-42.56
-42.56
-44.08
-45.20
-45.20
-41.43
-47.08
-43.50
-44.46
-41.12
-44.24
-44.87
-44.87
-43.27
-42.93
-42.93
-45.70
-24.17
-24.17
-34.22
-29.80
-29.80
-29.80
-32.51
-32.51
-24.55
-28.54
-28.54
-35.44
-35.44
-44.12
-44.12
-44.69
-45.35
-44.51
-44.51
-45.44
-45.44
-43.18
-43.18
-45.20
-47.51
-45.35
-45.44
-46.34
-43.86
-46.56
-46.56
-45.65
-45.65
-46.90
-45.30
-45.30
-43.54
-43.54
-44.69
-44.69
-44.33
-45.60
-45.60
-46.50
-46.50
-45.65
-45.60
-45.60
-45.44
-47.45
-43.31
-43.31
-46.85
-46.56
-46.56
-43.04
-43.04
-46.44
-45.44
-45.60
-46.34
-46.34
-44.15
-44.87
-44.87
-46.27
-45.55
-45.55
-47.64
-47.64
-47.21
-47.21
-46.01
-43.22
-48.79
-46.12
-46.12
-47.96
-44.83
-46.22
-46.22
-44.24
-44.24
-46.34
-46.34
-44.69
-44.69
-44.03
-46.96
-46.96
-46.27
-46.27
-44.83
-44.83
-43.95
-43.95
-45.55
-44.15
-44.12
-44.12
-44.46
-44.46
-45.65
-43.35
-44.37
-44.37
-44.46
-43.99
-47.96
-47.96
-44.69
-44.69
-45.80
-45.80
-45.39
-45.39
-45.70
-45.70
-45.70
-46.44
-45.11
-45.11
-45.75
-45.11
-45.30
-45.30
-46.07
-46.07
-46.90
-46.56
-45.55
-43.95
-46.12
-46.12
-45.75
-45.25
-45.06
-44.42
-46.73
-44.46
-45.30
-46.07
-45.55
-45.01
-45.96
-45.96
-45.11
-45.65
-43.39
-43.95
-44.69
-44.69
-43.62
-44.29
-43.08
-43.08
-44.60
-43.74
-43.74
-46.12
-45.39
-45.39
-42.45
-40.74
-42.56
-44.42
-44.42
-45.11
-45.11
-43.16
-43.39
-44.24
-42.93
-43.65
-41.56
-45.80
-45.01
-43.74
-44.24
-44.24
-45.44
-46.34
-44.97
-42.39
# TIME - 00:35
-45.01
-43.95
-42.07
-28.31
-28.52
-28.52
-32.66
-39.16
-39.16
-43.08
-42.85
-45.44
-45.44
-45.90
-45.90
-46.90
-47.32
-42.85
-47.90
-44.78
-44.78
-45.55
-45.55
-42.67
-43.95
-45.70
-45.11
-45.11
-45.85
-45.70
-45.70
-47.26
-42.15
-42.15
-45.35
-45.35
-44.55
-41.81
-41.81
-44.15
-44.73
-45.35
-45.35
-44.51
-45.35
-43.74
-43.74
-46.39
-44.20
-44.20
-42.31
-44.73
-44.73
-46.07
-43.31
-45.85
-45.44
-41.00
-41.00
-42.11
-44.83
-48.10
-48.10
-44.24
-42.96
-45.15
-45.15
-46.50
-46.17
-46.17
-43.42
-43.42
-45.06
-45.44
-44.24
-43.27
-42.21
-45.75
-44.60
-45.90
-43.46
-43.82
-44.64
-45.90
-46.96
-45.80
-43.74
-44.29
-46.01
-46.67
-46.67
-43.50
-45.96
-45.96
-45.55
-44.37
-44.69
-44.69
-44.55
-44.55
-44.55
-45.80
-45.80
-47.32
-46.79
-46.07
-43.12
-43.12
-46.07
-46.12
-47.39
-44.46
-46.12
-46.17
-46.17
-47.83
-45.70
-45.70
-45.20
-44.78
-44.78
-43.50
-47.32
-47.32
-46.07
-47.26
-47.26
-47.51
-45.55
-45.55
-44.97
-44.87
-44.87
-45.85
-45.30
-46.22
-46.12
-47.71
-47.58
-47.58
-46.07
-47.96
-47.96
-45.65
-45.15
-45.15
-45.50
-45.50
-46.50
-46.50
-45.44
-45.44
-43.78
-45.75
-45.75
-46.56
-46.56
-44.46
-44.46
-46.96
-46.96
-43.62
-45.20
-45.20
-47.14
-47.14
-45.55
-45.55
-46.34
-46.34
-45.80
-45.80
-46.44
-46.44
-44.46
-44.60
-45.75
-45.75
-45.35
-45.35
-44.83
-45.15
-45.15
-43.91
-44.69
-44.69
-45.60
-45.60
-41.84
-41.84
-44.78
-44.78
-44.60
-43.46
-43.46
-46.44
-47.32
-47.32
-46.17
-46.17
-43.78
-43.78
-45.70
-43.62
-43.62
-39.40
-41.65
-41.65
-39.94
-39.94
-41.78
-41.78
-31.63
-31.63
-32.19
-38.99
-38.99
-34.44
-34.44
-33.38
-33.38
-40.01
-30.50
-30.50
-37.90
-37.90
-36.84
-40.37
-40.37
-33.76
-33.30
-41.30
-41.30
-40.40
-40.40
-41.81
-41.81
-38.49
-37.60
-35.87
-35.87
-31.55
-31.55
-31.42
-36.14
-44.83
-31.60
-38.31
-37.58
-38.81
-37.64
-40.70
-39.76
-39.76
-42.89
-41.71
-41.71
-41.75
-34.15
-38.59
-38.59
-41.75
-41.75
-26.35
-26.35
-35.45
-35.45
-35.45
-27.27
-36.19
-38.94
-34.42
-34.42
-33.83
-43.00
-43.00
-43.27
-43.27
-32.97
-32.97
-36.40
-36.40
-41.00
-37.53
-36.63
-36.69
-29.75
-37.56
-33.60
-36.28
-36.28
-39.99
-39.99
-37.04
-37.04
-37.73
-37.73
-37.64
-37.64
# TIME - 00:36
-39.71
-40.86
-45.30
-45.30
-38.79
-41.52
-41.52
-44.37
-44.37
-45.50
-45.50
-46.12
-46.12
-44.12
-44.12
-46.34
-46.34
-44.92
-44.92
-43.31
-43.46
-44.73
-44.73
-45.96
-44.92
-44.92
-45.39
-45.39
-46.07
-46.07
-47.58
-47.58
-45.90
-45.90
-45.85
-45.85
-44.73
-43.54
-43.82
-43.71
-43.04
-43.04
-43.82
-43.82
-44.92
-46.79
-46.79
-43.95
-43.95
-45.60
-45.60
-37.58
-44.64
-44.64
-41.98
-41.98
-43.82
-45.55
-46.12
-46.12
-44.51
-45.75
-45.75
-42.04
-44.20
-44.20
-45.39
-45.39
-47.02
-44.55
-45.60
-46.01
-43.54
-47.14
-47.14
-46.39
-46.39
-45.65
-45.65
-45.60
-45.60
-44.15
-44.15
-45.65
-45.65
-43.12
-43.62
-43.62
-46.39
-43.22
-43.91
-44.42
-42.85
-45.50
-46.01
-46.22
-46.22
-45.15
-45.80
-45.80
-45.90
-45.90
-47.32
-47.32
-43.65
-45.15
-45.15
-45.50
-44.33
-45.30
-45.25
-43.82
-43.82
-44.78
-44.46
-46.85
-45.11
-44.33
-44.33
-45.80
-45.80
-46.44
-46.44
-45.96
-45.96
-46.39
-43.86
-45.90
-45.90
-45.06
-45.06
-45.75
-45.75
-46.56
-46.56
-45.20
-45.20
-45.06
-45.06
-46.67
-46.67
-46.12
-46.12
-47.02
-47.02
-46.07
-46.07
-43.50
-43.58
-43.58
-42.59
-42.59
-44.42
-44.15
-44.78
-44.78
-45.01
-45.01
-45.15
-46.01
-46.01
-44.29
-44.29
-44.69
-44.69
-44.78
-44.73
-44.73
-45.11
-45.11
-44.29
-46.22
-44.15
-44.37
-42.71
-42.71
-46.07
-44.46
-45.80
-45.80
-46.12
-46.12
-46.56
-45.25
-45.01
-45.01
-46.39
-44.15
-45.06
-44.55
-44.55
-47.77
-42.71
-42.71
-46.22
-46.22
-44.12
-44.12
-43.58
-43.58
-45.06
-45.15
-45.15
-46.39
-43.00
-43.00
-43.82
-43.82
-43.54
-43.54
-45.30
-45.30
-45.50
-45.50
-45.65
-45.65
-44.24
-44.24
-44.12
-44.12
-45.60
-45.60
-43.39
-43.39
-42.96
-46.01
-43.91
-42.27
-39.71
-42.07
-42.07
-41.39
-41.81
-42.07
-45.55
-44.42
-45.01
-45.80
-45.80
-46.34
-44.55
-42.85
-42.85
-45.75
-45.75
-46.07
-46.07
-47.58
-47.58
-46.12
-46.27
-46.27
-46.22
-43.82
-43.82
-44.87
-44.87
-45.30
-45.30
-43.74
-43.91
-44.24
-44.24
-44.20
-44.97
-44.97
-45.60
-45.60
-46.17
-45.39
-44.51
-47.02
-45.75
-43.86
-45.50
-45.50
-42.67
-45.50
-45.50
-46.79
-46.79
-46.90
-46.90
-48.03
-48.03
-44.46
-44.78
-44.78
-44.24
-45.25
-45.20
-48.51
-44.15
-45.20
-45.20
-47.14
-44.64
-44.64
-47.21
-47.21
-46.67
-46.67
-43.91
-43.91
-46.27
-44.69
-47.96
-47.96
-44.64
-44.64
-47.45
-47.45
-44.33
-45.35
-45.35
-45.85
-45.85
-42.96
-42.96
-43.86
-43.86
-45.35
# TIME - 00:37
-45.35
-42.56
-42.56
-46.79
-38.50
-27.83
-27.83
-27.87
-27.87
-30.63
-30.63
-27.67
-26.04
-33.15
-29.52
-29.52
-25.07
-25.07
-29.52
-29.75
-29.75
-29.87
-29.87
-42.15
-42.15
-46.73
-43.82
-43.82
-43.78
-43.78
-42.77
-45.06
-45.06
-41.33
-45.15
-45.15
-45.01
-44.64
-44.64
-46.67
-46.67
-43.82
-43.82
-43.50
-43.50
-43.50
-39.71
-39.71
-42.17
-44.97
-44.97
-42.07
-42.07
-42.21
-42.21
-45.20
-45.20
-39.71
-39.71
-41.12
-44.69
-44.03
-44.03
-46.39
-46.39
-44.33
-44.33
-43.12
-43.12
-44.83
-44.83
-45.11
-45.11
-43.65
-43.65
-45.70
-45.70
-44.83
-44.83
-45.25
-45.25
-43.95
-43.58
-43.74
-43.74
-45.55
-40.51
-40.51
-39.35
-42.73
-39.28
-39.28
-41.12
-41.12
-39.28
-39.28
-44.69
-44.51
-45.96
-47.08
-47.08
-45.85
-46.01
-46.01
-44.51
-44.51
-44.08
-44.08
-45.65
-45.65
-45.25
-45.25
-42.49
-46.73
-45.85
-42.04
-45.96
-45.96
-45.30
-45.90
-44.20
-43.86
-43.86
-45.15
-45.15
-44.08
-43.54
-44.92
-44.92
-45.75
-43.54
-44.33
-44.33
-46.79
-46.79
-44.15
-44.15
-45.11
-45.11
-43.86
-43.86
-45.90
-45.90
-44.20
-46.73
-46.73
-45.35
-45.35
-41.90
-41.90
-44.78
-44.78
-45.11
-47.32
-47.32
-45.80
-45.80
-43.71
-43.71
-45.15
-45.15
-44.92
-45.01
-43.99
-43.99
-46.27
-45.11
-43.78
-44.03
-46.44
-45.50
-45.50
-44.29
-44.29
-46.50
-46.50
-42.89
-42.89
-45.55
-45.55
-43.58
-42.11
-45.55
-45.55
-45.55
-46.12
-45.60
-44.20
-46.12
-46.12
-45.85
-45.85
-47.21
-47.21
-44.55
-44.55
-42.39
-42.39
-46.73
-46.73
-46.07
-45.75
-45.75
-45.11
-45.11
-45.20
-45.20
-47.45
-47.83
-47.83
-46.07
-46.07
-43.86
-44.08
-44.08
-45.39
-45.01
-48.10
-48.10
-45.35
-44.24
-44.24
-45.50
-45.60
-46.27
-46.90
-46.90
-43.58
-43.58
-44.69
-46.39
-46.39
-46.73
-44.87
-44.87
-46.73
-45.06
-42.85
-42.85
-44.97
-44.78
-44.78
-47.45
-47.02
-47.02
-45.15
-43.71
-43.71
-45.60
-45.60
-45.96
-45.96
-46.07
-46.07
-45.20
-45.20
-44.08
-44.08
-44.20
-46.85
-45.15
-45.15
-46.07
-46.07
-47.26
-47.26
-45.15
-45.15
-43.82
-43.82
-44.24
-44.24
-47.71
-47.71
-42.81
-42.81
-47.26
-47.26
-45.39
-43.82
-45.39
-45.85
-43.00
-44.73
-44.73
-46.34
-46.34
-43.82
-43.82
-44.55
-44.55
-44.15
-44.73
-44.73
-42.93
-42.93
-46.39
-46.39
-45.25
-45.35
-45.85
-45.85
-41.98
-40.65
-45.30
-42.31
-42.31
-39.71
-38.38
-38.38
-42.01
-42.01
-38.50
-38.50
-44.12
-45.96
-44.60
-45.20
-47.08
-47.08
-44.15
-44.15
-44.60
-45.65
-44.83
-44.83
-46.34
# TIME - 00:38
-47.77
-44.12
-44.12
-32.78
-32.78
-30.15
-30.63
-41.50
-41.50
-44.69
-44.69
-44.20
-44.20
-42.67
-42.67
-40.95
-40.95
-47.14
-46.50
-46.50
-42.07
-42.07
-46.12
-46.12
-42.49
-45.80
-41.56
-41.56
-42.31
-42.31
-45.35
-45.35
-45.35
-46.01
-46.01
-45.20
-45.20
-44.12
-44.12
-43.04
-43.04
-44.12
-44.12
-44.03
-44.03
-43.27
-45.96
-45.96
-46.79
-45.80
-45.80
-44.87
-43.95
-43.95
-45.11
-45.11
-45.70
-45.70
-37.11
-37.11
-41.18
-41.18
-29.78
-33.73
-33.73
-42.35
-43.95
-43.95
-42.49
-44.78
-44.37
-44.37
-43.62
-43.62
-41.58
-41.58
-43.46
-43.46
-45.01
-45.01
-43.62
-43.62
-42.96
-42.96
-44.33
-43.86
-43.86
-44.78
-44.78
-44.42
-47.08
-47.08
-44.33
-44.78
-44.69
-45.85
-45.06
-47.26
-47.26
-45.60
-46.34
-44.87
-44.87
-45.55
-45.55
-45.44
-46.44
-43.65
-46.44
-44.87
-47.71
-47.71
-44.78
-46.90
-46.56
-46.39
-45.25
-42.96
-42.96
-45.75
-45.75
-46.96
-46.96
-44.15
-45.25
-46.62
-44.46
-44.64
-44.64
-46.56
-46.56
-42.42
-42.42
-46.12
-46.56
-46.56
-42.96
-42.96
-42.59
-44.24
-44.24
-44.55
-40.26
-35.41
-41.15
-38.67
-43.39
-43.39
-44.92
-43.08
-43.58
-44.64
-45.90
-45.90
-44.60
-46.34
-45.75
-45.11
-46.90
-46.90
-45.65
-45.65
-42.81
-45.75
-46.85
-46.85
-46.17
-46.17
-42.56
-44.33
-44.33
-44.97
-44.64
-46.79
-46.79
-43.95
-43.95
-43.46
-43.54
-47.90
-44.33
-45.01
-45.01
-46.67
-44.24
-44.73
-44.69
-44.69
-45.96
-45.65
-45.65
-43.12
-44.24
-44.24
-43.35
-43.35
-44.69
-44.69
-49.73
-46.62
-46.62
-47.02
-47.02
-46.12
-45.44
-45.44
-47.08
-47.08
-46.39
-46.39
-45.15
-45.15
-46.96
-46.96
-48.23
-47.21
-47.21
-45.44
-45.44
-44.03
-43.00
-45.50
-46.62
-44.33
-44.33
-44.51
-44.51
-44.97
-46.27
-46.27
-46.34
-46.34
-46.07
-46.07
-46.17
-46.17
-44.92
-44.92
-46.67
-46.67
-44.51
-46.39
-46.90
-46.90
-47.51
-45.50
-46.90
-44.37
-45.15
-44.78
-45.30
-45.30
-43.18
-43.86
-43.86
-45.96
-46.01
-46.01
-48.31
-44.97
-44.97
-41.84
-46.12
-46.12
-44.78
-44.78
-44.60
-44.60
-45.25
-44.60
-46.22
-45.35
-45.44
-44.69
-47.32
-47.32
-44.29
-44.29
-43.62
-44.51
-44.51
-44.60
-44.60
-43.27
-43.27
-44.92
-45.96
-43.31
-45.06
-45.06
-45.60
-45.75
-45.75
-45.35
-45.35
-43.62
-43.62
-44.97
-44.97
-46.12
-46.12
-44.46
-44.12
-44.83
-44.83
-44.08
-44.55
-44.55
-46.62
-46.62
-43.74
-46.12
-46.12
-44.69
-45.44
-45.20
-45.20
-41.81
# TIME - 00:39
-46.50
-46.34
-45.65
-29.61
-31.22
-31.22
-26.85
-26.85
-38.22
-38.22
-45.50
-45.50
-43.99
-43.99
-43.95
-43.95
-47.08
-47.08
-47.83
-47.83
-45.60
-45.60
-47.77
-45.75
-46.56
-46.07
-46.07
-45.44
-43.95
-43.95
-45.55
-45.55
-45.39
-44.51
-44.51
-45.20
-45.20
-43.58
-44.73
-46.44
-46.44
-45.60
-45.60
-45.90
-45.06
-46.79
-46.79
-46.34
-46.34
-43.99
-43.99
-45.35
-45.35
-46.27
-46.27
-46.39
-46.39
-42.67
-42.67
-43.18
-43.18
-45.70
-42.85
-40.95
-40.95
-44.87
-44.87
-45.06
-45.06
-45.06
-46.27
-46.27
-45.85
-45.85
-45.85
-45.85
-46.90
-46.90
-44.24
-44.24
-45.65
-45.65
-37.24
-30.48
-33.34
-33.34
-45.01
-45.01
-42.96
-42.96
-44.33
-44.92
-45.30
-45.30
-45.80
-44.87
-44.87
-45.20
-45.60
-46.34
-46.34
-42.96
-42.96
-46.27
-43.62
-43.62
-41.37
-41.37
-43.78
-46.07
-46.56
-46.56
-48.95
-48.95
-49.56
-49.56
-44.87
-44.87
-47.32
-47.32
-44.73
-45.80
-45.80
-40.79
-45.20
-45.20
-42.42
-39.26
-39.53
-39.53
-37.02
-43.27
-43.27
-29.21
-29.21
-35.36
-37.50
-37.50
-30.63
-30.63
-34.15
-34.15
-39.53
-39.53
-35.81
-27.69
-26.79
-26.79
-33.98
-36.69
-36.69
-36.69
-36.69
-39.76
-39.76
-40.32
-40.32
-42.49
-42.25
-46.96
-46.96
-43.82
-43.82
-44.24
-44.24
-43.71
-42.73
-45.15
-45.15
-44.15
-44.15
-45.65
-45.65
-42.35
-42.35
-42.42
-40.91
-45.80
-45.80
-44.03
-44.03
-44.15
-44.15
-39.96
-45.96
-45.96
-43.54
-44.78
-40.29
-38.67
-41.33
-43.39
-43.39
-45.01
-43.04
-43.65
-43.65
-44.33
-44.33
-42.93
-42.93
-45.11
-45.11
-45.11
-45.11
-46.34
-44.12
-44.12
-42.56
-45.90
-45.90
-22.86
-36.61
-36.61
-38.81
-44.42
-41.98
-41.98
-41.75
-44.55
-46.39
-46.39
-46.12
-46.12
-45.80
-45.80
-43.54
-43.54
-43.46
-43.46
-25.18
-22.45
-31.85
-29.62
-29.62
-25.94
-27.23
-27.23
-36.35
-36.35
-23.72
-23.72
-33.58
-33.58
-44.42
-44.42
-46.01
-46.01
-44.73
-44.73
-43.54
-43.54
-44.42
-41.84
-41.84
-42.01
-42.49
-42.49
-45.25
-43.78
-43.78
-45.44
-44.55
-44.55
-44.69
-42.17
-42.17
-44.08
-44.08
-45.11
-45.85
-43.86
-43.86
-42.85
-42.85
-46.27
-46.27
-42.71
-45.60
-45.35
-45.35
-44.60
-44.60
-43.35
-43.35
-44.92
-44.51
-44.51
-45.11
-43.08
-45.75
-45.75
-45.96
-45.96
-46.01
-46.01
-45.11
-43.16
-44.69
-43.46
-43.46
-45.25
-43.39
-45.65
-45.65
-47.02
-43.62
-43.62
-45.60
-45.60
-45.30
-45.70
-45.70
-42.27
-41.94
-41.94
-44.51
-44.51
-44.97
-44.51
-44.51
-43.00
-44.69
-44.12
-40.51
-40.51
-44.60
-44.60
-45.11
-45.11
-42.56
-42.56
-42.96
-45.90
-45.90
-45.39
-44.97
# TIME - 00:40
-43.35
-43.35
-33.18
-32.61
-28.40
-28.41
-34.34
-34.34
-39.88
-26.17
-32.20
-32.20
-46.73
-26.34
-26.34
-33.24
-32.95
-32.95
-37.28
-37.28
-35.34
-38.20
-38.93
-35.44
-37.62
-37.62
-39.53
-39.53
-38.44
-38.44
-33.10
-33.53
-33.53
-38.71
-38.71
-36.26
-36.26
-32.81
-32.59
-39.83
-47.21
-44.42
-46.73
-46.73
-43.31
-46.12
-46.12
-45.11
-43.35
-43.08
-46.90
-46.44
-46.50
-46.50
-44.83
-44.83
-46.56
-46.56
-45.11
-45.11
-45.20
-45.20
-45.65
-45.65
-46.22
-44.60
-44.60
-43.46
-45.96
-45.20
-44.42
-44.42
-46.07
-43.95
-43.95
-47.14
-45.35
-45.35
-43.62
-44.20
-44.20
-43.86
-44.97
-44.97
-43.71
-43.71
-43.16
-43.16
-46.50
-44.83
-43.91
-43.91
-46.12
-46.12
-45.90
-45.15
-45.15
-44.83
-44.83
-42.35
-42.35
-45.90
-47.32
-47.32
-44.08
-44.08
-46.07
-46.07
-45.44
-44.33
-45.90
-45.90
-46.44
-46.44
-43.78
-45.96
-45.96
-43.50
-45.90
-44.97
-44.97
-45.96
-45.06
-45.06
-45.65
-44.37
-44.37
-44.37
-45.44
-45.30
-45.60
-45.75
-45.75
-45.96
-46.50
-46.62
-46.22
-46.22
-44.97
-43.99
-43.99
-45.50
-42.15
-45.25
-45.25
-45.60
-43.95
-43.95
-44.64
-44.51
-44.51
-44.12
-44.78
-44.78
-46.07
-45.15
-45.15
-44.78
-44.78
-44.92
-43.35
-45.96
-45.90
-40.37
-39.68
-44.29
-44.29
-43.08
-43.08
-42.73
-42.73
-38.40
-37.93
-39.71
-39.71
-43.42
-31.76
-40.29
-40.29
-27.28
-27.28
-28.66
-40.18
-36.75
-30.73
-33.15
-33.15
-36.96
-36.96
-35.12
-35.13
-35.13
-42.63
-43.95
-44.46
-44.46
-43.22
-43.22
-44.42
-37.89
-37.89
-37.93
-37.93
-38.58
-38.58
-38.73
-38.73
-36.29
-37.37
-37.37
-36.79
-40.35
-44.15
-44.15
-37.53
-37.53
-39.09
-39.26
-37.99
-37.99
-42.35
-37.38
-37.11
-39.55
-38.81
-39.68
-32.43
-32.43
-38.73
-38.73
-40.40
-40.40
-44.60
-44.60
-44.42
-44.42
-46.44
-46.44
-45.30
-44.64
-44.64
-45.70
-45.70
-43.27
-46.96
-40.77
-45.65
-43.91
-45.11
-45.11
-42.81
-44.46
-44.15
-44.15
-46.07
-46.07
-42.89
-44.15
-44.15
-45.39
-45.39
-46.39
-46.39
-45.30
-44.03
-42.85
-42.85
-44.87
-43.42
-43.42
-43.00
-43.00
-43.27
-43.27
-46.79
-46.79
-42.21
-44.24
-44.24
-46.07
-46.07
-42.89
-42.89
-45.25
-43.78
-44.29
-44.29
-44.78
-43.95
-43.95
-44.03
-46.12
-43.74
-46.07
-46.07
-43.86
-45.44
-45.44
-43.99
-43.99
-45.96
-47.51
-47.51
-43.78
-42.42
-42.42
-45.44
-45.44
-46.44
-46.44
# TIME - 00:41
-44.42
-43.54
-43.42
-28.87
-29.06
-44.03
-45.30
-45.30
-46.12
-45.30
-45.30
-42.81
-42.81
-45.75
-41.75
-41.75
-45.20
-45.20
-47.45
-47.45
-45.50
-45.06
-44.51
-44.51
-43.00
-42.17
-44.73
-43.62
-44.87
-44.87
-45.50
-46.12
-46.12
-45.75
-45.75
-45.85
-44.64
-44.51
-44.37
-44.37
-33.85
-33.85
-34.31
-22.36
-22.36
-23.28
-23.28
-39.50
-36.26
-32.42
-33.16
-42.39
-39.07
-39.07
-40.01
-38.65
-44.29
-44.29
-43.78
-46.85
-44.73
-44.73
-38.81
-38.81
-42.85
-42.85
-42.42
-43.58
-44.20
-44.20
-44.20
-42.96
-44.55
-45.25
-43.35
-45.06
-45.06
-44.92
-44.92
-44.97
-44.97
-44.51
-44.87
-46.62
-46.62
-46.39
-46.39
-42.89
-42.89
-44.24
-47.26
-43.27
-43.27
-45.55
-46.44
-46.44
-46.56
-46.56
-43.46
-40.68
-40.68
-37.46
-44.64
-44.64
-44.33
-41.52
-39.58
-42.77
-38.90
-40.97
-43.22
-40.79
-41.69
-41.69
-43.00
-43.00
-43.78
-43.78
-38.58
-38.42
-38.42
-42.56
-42.56
-43.62
-19.72
-26.20
-26.20
-35.80
-38.12
-38.12
-45.15
-44.87
-44.42
-45.15
-45.15
-43.12
-43.27
-43.27
-45.60
-45.60
-44.03
-44.08
-43.58
-43.58
-38.79
-43.08
-44.24
-44.24
-41.84
-41.84
-43.31
-43.35
-45.11
-44.69
-43.08
-43.08
-42.93
-42.93
-45.44
-45.35
-45.70
-45.70
-41.65
-43.74
-43.74
-43.22
-43.22
-42.31
-42.31
-44.69
-44.69
-46.50
-46.50
-43.42
-43.42
-45.20
-45.20
-46.56
-44.92
-42.42
-42.42
-42.45
-44.73
-44.73
-42.53
-42.53
-39.65
-39.65
-39.68
-39.68
-42.67
-42.67
-42.77
-42.93
-42.93
-34.57
-33.55
-41.12
-41.12
-32.66
-34.73
-38.22
-38.22
-29.93
-29.93
-33.21
-33.21
-37.64
-37.64
-36.54
-36.54
-36.54
-40.88
-42.96
-42.96
-41.88
-45.70
-45.70
-44.87
-44.87
-45.39
-45.39
-47.26
-47.26
-43.74
-42.93
-42.93
-46.96
-46.96
-41.56
-41.56
-41.90
-41.90
-43.99
-43.99
-43.91
-48.03
-40.83
-40.83
-43.16
-43.16
-43.35
-43.35
-31.51
-35.12
-35.12
-40.18
-30.11
-32.98
-32.98
-41.90
-29.62
-35.58
-35.58
-40.86
-40.86
-36.33
-36.82
-36.82
-34.50
-40.91
-30.56
-30.56
-30.80
-38.50
-38.50
-35.87
-31.14
-31.14
-37.78
-37.78
-31.21
-35.63
-41.71
-41.71
-39.99
-39.21
-39.21
-42.45
-42.45
-43.31
-43.31
-41.81
-46.44
-46.44
-46.01
-45.80
-43.04
-47.08
-46.56
-46.50
-46.50
-46.22
-46.22
-46.39
-46.39
-44.60
-45.25
-44.87
-44.87
-43.04
-41.58
-44.08
-44.08
-42.85
-45.70
-44.12
-45.90
-45.90
-39.63
-44.37
-44.37
-44.92
-44.92
-40.23
-41.24
-41.24
# TIME - 00:42
-45.39
-44.12
-44.37
-30.16
-31.49
-36.33
-48.17
-43.50
-44.20
-44.20
-44.69
-44.69
-44.37
-45.11
-44.78
-44.78
-45.35
-45.15
-45.75
-44.64
-44.78
-44.78
-43.54
-44.29
-44.29
-44.37
-42.39
-43.18
-43.18
-44.37
-44.37
-43.65
-43.08
-43.08
-44.73
-44.73
-43.27
-44.15
-46.39
-46.07
-46.22
-46.22
-45.96
-43.04
-42.17
-45.65
-45.65
-46.62
-46.62
-43.27
-46.01
-46.01
-43.78
-45.15
-48.31
-44.87
-44.29
-44.29
-45.39
-44.64
-44.64
-43.71
-45.11
-45.11
-44.78
-44.78
-46.22
-46.22
-44.37
-44.37
-46.22
-45.25
-45.60
-44.92
-44.92
-44.78
-44.51
-44.51
-45.11
-45.11
-43.58
-43.58
-43.22
-43.22
-45.75
-45.75
-44.42
-44.42
-46.27
-46.27
-45.01
-45.50
-46.62
-47.02
-47.02
-45.39
-45.39
-46.07
-46.07
-44.92
-44.92
-45.01
-45.01
-46.12
-43.27
-44.51
-44.51
-45.39
-45.39
-43.27
-43.27
-45.44
-45.44
-46.62
-46.62
-46.17
-46.17
-43.82
-45.90
-45.90
-44.37
-46.07
-46.07
-45.50
-43.62
-43.62
-45.35
-43.54
-46.50
-44.29
-44.29
-44.64
-46.85
-46.12
-46.56
-46.56
-47.39
-47.39
-44.73
-44.73
-43.91
-45.55
-45.55
-45.35
-44.46
-46.22
-43.58
-43.58
-44.78
-44.78
-43.12
-43.12
-40.20
-45.60
-45.60
-43.58
-44.87
-44.87
-46.27
-47.39
-45.70
-45.06
-44.60
-46.17
-43.31
-43.31
-45.20
-43.54
-47.26
-45.65
-45.65
-46.62
-44.92
-47.08
-45.01
-42.59
-48.65
-46.85
-46.62
-46.62
-45.25
-42.81
-44.69
-46.56
-45.11
-45.11
-48.17
-47.39
-44.51
-46.34
-45.75
-45.75
-44.12
-47.64
-47.64
-44.03
-44.03
-45.90
-45.90
-46.96
-44.12
-23.87
-23.18
-23.18
-33.28
-33.28
-29.33
-32.03
-32.03
-28.09
-35.64
-24.03
-24.03
-31.88
-42.17
-43.27
-45.60
-46.39
-46.39
-43.62
-45.15
-45.15
-46.01
-46.01
-47.08
-47.08
-44.69
-43.65
-43.65
-43.62
-44.37
-44.83
-43.78
-43.78
-44.83
-44.83
-45.39
-45.39
-45.39
-40.51
-43.74
-43.39
-43.39
-43.42
-43.42
-39.83
-44.03
-44.51
-44.97
-44.97
-42.71
-42.71
-43.22
-47.21
-43.82
-43.58
-43.58
-46.17
-46.17
-44.87
-44.87
-44.03
-44.03
-42.96
-42.96
-44.78
-44.78
-44.69
-44.69
-44.97
-44.97
-43.95
-43.95
-45.70
-45.70
-44.42
-44.42
-48.51
-44.20
-46.50
-45.65
-45.65
-47.64
-43.16
-43.16
-46.34
-46.34
-45.25
-44.29
-44.29
-41.65
-41.65
-42.73
-42.73
-44.60
-44.60
-45.70
-44.64
-45.44
-45.44
-42.71
-42.71
-46.34
-41.58
-41.58
# TIME - 00:43
-42.25
-43.42
-43.42
-41.88
-31.50
-35.13
-35.13
-33.01
-45.20
-45.44
-45.44
-42.25
-44.51
-44.15
-44.15
-44.69
-44.69
-45.60
-45.60
-44.73
-44.73
-44.15
-45.01
-42.71
-42.71
-44.42
-44.42
-44.64
-45.75
-45.75
-43.50
-43.50
-44.60
-45.01
-45.01
-46.67
-42.15
-44.64
-44.64
-43.16
-43.16
-44.51
-44.51
-43.62
-46.27
-47.71
-47.71
-46.27
-46.27
-46.12
-45.39
-45.39
-46.07
-44.33
-44.33
-44.03
-43.00
-42.42
-42.42
-45.25
-45.85
-45.85
-45.75
-47.14
-46.67
-46.67
-45.11
-45.11
-46.39
-46.39
-45.06
-45.06
-46.73
-46.73
-45.44
-45.44
-42.35
-42.35
-44.46
-46.17
-46.39
-46.34
-45.90
-45.90
-45.65
-45.65
-47.39
-47.39
-44.29
-44.29
-46.96
-46.96
-44.60
-44.60
-44.55
-44.55
-44.83
-44.83
-44.83
-45.60
-46.27
-47.83
-47.83
-46.44
-46.44
-42.27
-42.27
-45.15
-45.15
-42.77
-42.77
-42.49
-42.39
-41.12
-41.12
-40.13
-42.11
-44.15
-43.95
-42.21
-45.15
-46.17
-43.74
-45.15
-43.58
-43.58
-44.20
-42.85
-42.85
-43.04
-43.04
-43.95
-45.55
-45.55
-48.17
-45.39
-45.90
-46.27
-46.27
-44.42
-44.51
-46.44
-41.88
-39.35
-39.35
-43.86
-43.86
-45.80
-45.80
-42.17
-42.17
-41.09
-41.69
-43.04
-43.04
-46.62
-46.62
-41.98
-41.98
-43.39
-45.15
-45.15
-39.16
-43.35
-43.35
-45.35
-44.60
-45.35
-45.35
-45.96
-43.71
-49.18
-49.18
-45.30
-46.85
-46.85
-45.20
-45.20
-44.60
-45.35
-45.35
-45.60
-45.60
-44.20
-44.20
-46.79
-46.79
-39.91
-41.94
-46.39
-38.42
-38.42
-42.11
-41.46
-41.46
-39.88
-45.35
-45.35
-45.75
-43.99
-43.99
-46.96
-46.56
-46.56
-45.39
-45.39
-42.17
-44.83
-44.83
-44.03
-44.03
-44.69
-44.69
-46.34
-46.34
-45.35
-45.35
-44.03
-44.03
-46.01
-46.01
-45.11
-46.39
-45.90
-44.37
-46.07
-45.44
-45.35
-44.29
-45.60
-44.37
-44.37
-43.54
-45.01
-45.01
-43.65
-46.39
-45.70
-45.70
-44.83
-44.83
-45.85
-44.92
-45.30
-45.30
-44.73
-46.07
-46.07
-41.88
-41.88
-44.08
-45.55
-45.70
-45.15
-45.35
-45.35
-44.55
-46.12
-46.12
-44.37
-42.96
-42.96
-44.87
-44.83
-44.87
-46.12
-44.92
-40.77
-40.77
-41.18
-46.27
-48.37
-48.37
-45.50
-45.50
-42.89
-39.83
-39.83
-45.65
-40.40
-40.56
-40.56
-42.89
-42.89
-42.15
-42.15
-43.54
-44.78
-44.78
-46.27
-45.60
-45.06
-46.90
-46.22
-46.22
-45.80
-45.80
-46.27
-46.27
-45.39
-44.78
-44.78
-43.86
-43.86
-45.90
-45.90
-45.55
-43.78
-43.78
-46.62
-46.62
-40.49
-43.46
-41.04
-44.60
-45.35
-45.35
-45.75
-45.75
-44.97
-44.97
# TIME - 00:44
-46.90
-44.73
-44.97
-44.97
-29.96
-29.48
-29.48
-43.12
-45.15
-45.55
-45.55
-45.01
-45.01
-44.12
-44.12
-42.39
-42.39
-44.42
-44.42
-43.22
-47.39
-47.39
-40.91
-45.50
-45.50
-43.58
-44.83
-46.39
-43.71
-43.16
-41.24
-46.27
-46.27
-44.46
-45.44
-46.85
-44.15
-44.29
-44.73
-44.73
-43.91
-43.99
-46.50
-46.44
-46.44
-43.91
-45.15
-45.15
-43.42
-43.42
-45.70
-45.11
-44.46
-44.46
-45.60
-46.50
-46.50
-46.17
-45.55
-45.70
-43.91
-43.91
-43.78
-43.78
-43.50
-43.50
-45.96
-45.96
-47.51
-47.51
-45.85
-45.85
-45.15
-42.42
-46.90
-44.87
-43.12
-48.17
-45.85
-45.85
-47.02
-48.03
-46.17
-46.17
-43.08
-43.08
-46.50
-46.50
-44.69
-44.51
-44.51
-45.60
-45.60
-45.01
-43.71
-44.87
-43.46
-43.46
-45.85
-45.85
-44.12
-44.12
-46.34
-45.20
-45.20
-47.39
-44.83
-44.83
-46.07
-43.71
-43.71
-42.85
-46.07
-44.55
-45.11
-45.11
-45.15
-46.01
-46.01
-44.97
-44.97
-43.95
-43.95
-44.12
-45.06
-45.06
-45.55
-45.55
-45.96
-45.96
-45.20
-46.07
-43.04
-46.79
-46.39
-46.39
-44.20
-44.20
-43.65
-45.39
-45.39
-44.33
-44.33
-43.99
-43.99
-43.18
-43.22
-43.22
-45.90
-45.96
-45.20
-45.20
-45.25
-41.84
-41.84
-41.84
-44.29
-43.95
-45.01
-46.44
-46.44
-44.60
-44.60
-45.15
-43.58
-44.87
-44.33
-44.33
-43.65
-44.15
-44.15
-44.55
-44.60
-44.69
-44.69
-46.12
-44.46
-44.46
-45.90
-46.85
-46.50
-43.71
-43.50
-46.34
-44.20
-44.20
-45.25
-46.07
-45.30
-45.30
-43.35
-43.35
-43.95
-43.95
-46.96
-46.96
-46.56
-46.56
-44.12
-46.62
-46.62
-43.78
-43.78
-44.97
-44.97
-44.15
-44.15
-45.80
-45.80
-47.96
-47.96
-45.20
-44.64
-44.64
-46.27
-45.85
-45.85
-45.35
-46.07
-46.07
-45.11
-45.11
-44.46
-44.46
-46.27
-46.27
-44.08
-44.08
-45.85
-45.85
-45.70
-45.70
-42.96
-44.20
-44.20
-44.78
-46.67
-45.80
-44.08
-44.08
-40.54
-40.65
-41.24
-41.24
-44.51
-44.51
-44.64
-44.64
-43.74
-44.78
-44.78
-47.21
-42.35
-43.86
-43.86
-44.37
-44.69
-44.69
-43.35
-43.62
-43.71
-45.75
-45.75
-45.65
-45.65
-44.12
-46.27
-46.27
-46.12
-45.39
-45.50
-43.86
-43.86
-45.65
-46.22
-46.22
-44.83
-45.85
-45.85
-45.06
-44.24
-44.24
-45.44
-45.25
-45.90
-45.90
-45.80
-45.80
-46.85
-46.85
-46.27
-46.56
-43.86
-43.86
-44.64
-44.64
-47.77
-47.64
-47.64
-45.11
-45.11
-45.11
-44.15
-44.15
-45.55
-45.55
-45.06
-45.01
-45.01
-45.11
-46.96
-46.96
-46.07
-46.07
-43.31
-43.31
-45.75
-46.12
-46.12
# TIME - 00:45
-43.78
-45.70
-28.13
-28.13
-27.96
-33.32
-43.62
-46.01
-45.11
-45.11
-45.70
-48.17
-42.93
-44.97
-45.85
-45.85
-46.50
-43.18
-44.83
-25.80
-30.31
-27.63
-27.63
-33.46
-33.46
-45.25
-45.25
-45.85
-45.85
-43.78
-45.06
-45.06
-42.11
-45.35
-44.51
-44.51
-43.95
-43.95
-43.71
-43.71
-45.55
-46.12
-46.12
-42.15
-42.15
-44.92
-44.92
-44.97
-44.97
-44.51
-44.51
-43.62
-43.62
-43.54
-42.89
-42.89
-45.75
-43.22
-43.22
-44.03
-47.21
-42.81
-42.81
-45.39
-45.39
-45.11
-45.11
-45.01
-45.44
-45.44
-45.65
-44.87
-44.87
-44.78
-43.16
-43.16
-44.64
-45.39
-45.20
-43.65
-43.65
-45.80
-44.73
-44.73
-45.20
-45.80
-45.80
-45.50
-45.70
-44.15
-44.15
-46.27
-46.27
-44.29
-46.12
-46.67
-46.67
-46.39
-46.39
-48.87
-45.90
-45.90
-45.90
-47.26
-43.86
-43.86
-44.78
-26.50
-25.75
-33.44
-28.61
-27.88
-27.88
-36.38
-36.38
-30.76
-30.76
-31.80
-28.68
-28.68
-42.81
-42.81
-45.70
-45.25
-45.25
-44.92
-44.92
-45.70
-45.70
-44.24
-46.79
-44.08
-44.08
-40.88
-40.88
-43.99
-42.77
-42.77
-36.26
-36.26
-40.26
-40.35
-40.35
-38.12
-38.12
-40.29
-40.29
-43.78
-43.78
-45.01
-45.01
-45.01
-45.44
-44.03
-45.39
-43.54
-43.54
-44.64
-44.03
-44.03
-48.03
-48.03
-44.78
-44.78
-45.11
-45.11
-44.92
-46.39
-46.39
-46.90
-42.93
-44.64
-44.64
-43.71
-43.71
-45.85
-45.85
-45.39
-46.50
-44.92
-45.85
-45.01
-45.01
-44.51
-46.27
-44.83
-44.83
-44.78
-44.78
-46.27
-46.27
-45.96
-45.15
-45.15
-45.80
-43.71
-43.71
-46.90
-44.33
-47.14
-47.14
-44.83
-41.46
-41.46
-44.46
-44.46
-42.49
-45.90
-45.90
-44.20
-44.20
-45.01
-46.85
-46.85
-43.42
-44.08
-44.08
-45.25
-45.25
-43.27
-45.60
-47.77
-47.45
-40.32
-40.32
-43.31
-43.31
-43.18
-43.18
-46.17
-45.80
-45.06
-44.78
-44.78
-45.70
-45.70
-44.64
-43.74
-43.74
-44.69
-44.69
-47.96
-47.96
-45.75
-45.75
-45.30
-45.30
-44.64
-44.64
-46.01
-46.01
-44.08
-44.08
-44.73
-47.45
-47.45
-45.35
-47.21
-47.21
-46.34
-42.85
-42.85
-45.55
-45.75
-45.75
-45.60
-45.60
-43.86
-43.86
-46.01
-46.01
-43.08
-40.88
-46.44
-45.06
-44.20
-44.20
-43.42
-43.42
-43.58
-38.59
-38.59
-45.50
-47.14
-40.95
-40.95
-43.12
-44.78
-44.78
-42.67
-42.67
-44.29
-44.29
-45.30
-46.56
-46.56
-46.56
-45.39
-43.78
-46.67
-46.67
-44.83
-44.73
-42.21
-40.08
-44.78
-45.96
-42.93
-43.91
-45.15
-46.22
-48.65
-45.30
-45.30
# TIME - 00:46
-44.24
-46.90
-44.60
-44.60
-46.44
-44.60
-44.60
-44.60
-46.62
-46.44
-46.73
-46.73
-44.60
-46.39
-45.90
-46.67
-43.78
-43.78
-44.73
-44.73
-44.78
-46.34
-46.34
-46.22
-46.22
-44.92
-45.25
-47.90
-47.90
-45.55
-45.55
-42.49
-42.49
-46.67
-45.20
-46.44
-46.44
-45.30
-45.30
-45.85
-45.85
-45.20
-44.87
-41.94
-43.12
-43.62
-43.62
-43.86
-43.86
-44.78
-44.78
-45.70
-44.55
-45.96
-45.96
-42.85
-42.85
-44.20
-45.65
-44.29
-44.29
-44.97
-43.62
-43.62
-46.56
-46.39
-46.39
-44.87
-45.70
-45.70
-46.79
-46.79
-41.84
-45.01
-45.01
-43.91
-43.82
-47.45
-47.45
-44.20
-44.15
-43.78
-43.78
-44.64
-44.64
-43.16
-43.16
-45.90
-45.90
-44.08
-47.02
-45.15
-45.15
-47.32
-46.12
-43.95
-43.95
-46.34
-46.34
-45.50
-45.50
-45.30
-43.86
-44.97
-46.85
-45.65
-43.62
-45.15
-45.15
-45.25
-46.96
-44.51
-44.51
-44.51
-46.67
-46.67
-44.73
-44.73
-47.08
-46.67
-44.73
-44.73
-47.51
-45.44
-45.50
-46.85
-46.85
-44.83
-43.31
-42.81
-44.60
-43.58
-43.58
-43.22
-44.97
-44.97
-45.01
-45.01
-42.89
-44.46
-44.46
-47.14
-47.14
-42.93
-40.77
-40.77
-47.32
-44.55
-44.55
-47.32
-47.32
-44.64
-44.64
-45.35
-45.35
-43.91
-44.20
-44.20
-44.60
-44.60
-40.42
-40.42
-42.59
-42.59
-44.83
-45.30
-44.03
-44.03
-43.65
-43.65
-44.64
-46.96
-43.99
-45.20
-46.90
-46.07
-46.07
-45.96
-45.96
-44.92
-44.92
-44.12
-43.54
-43.54
-45.85
-45.85
-46.67
-43.91
-43.91
-44.03
-44.03
-45.06
-45.06
-42.85
-42.85
-44.60
-44.29
-44.29
-45.50
-45.50
-42.77
-44.92
-47.02
-44.73
-44.73
-44.97
-44.97
-45.44
-43.50
-43.65
-45.55
-45.90
-45.90
-44.73
-45.70
-45.70
-45.80
-46.90
-45.90
-45.90
-46.62
-46.62
-42.71
-42.71
-47.26
-46.22
-46.22
-45.50
-44.46
-46.01
-46.01
-45.15
-45.15
-45.50
-46.44
-48.03
-44.69
-43.35
-44.03
-44.03
-41.94
-41.94
-46.79
-46.62
-46.96
-45.65
-45.65
-44.46
-44.46
-44.15
-44.78
-44.78
-44.78
-44.46
-44.24
-45.96
-44.64
-44.64
-46.67
-46.67
-42.59
-42.59
-44.55
-44.55
-45.55
-45.55
-43.95
-45.50
-44.03
-45.50
-46.67
-41.88
-46.39
-46.27
-44.46
-45.20
-44.33
-44.64
-44.64
-45.30
-44.97
-47.26
-44.73
-44.73
-45.96
-44.69
-44.69
-44.97
-44.97
-46.50
-44.73
-44.73
-45.60
-46.73
-46.73
-43.42
-42.17
-42.63
-44.83
-44.83
-45.75
-45.75
# TIME - 00:47
-46.34
-46.34
-43.74
-47.08
-29.81
-27.94
-29.33
-45.90
-45.90
-44.20
-44.20
-44.20
-46.50
-46.50
-45.30
-44.60
-44.60
-47.32
-47.32
-46.67
-46.67
-45.80
-45.80
-41.71
-41.71
-45.60
-45.60
-45.20
-45.20
-45.90
-43.12
-43.12
-40.42
-42.17
-44.42
-45.70
-45.70
-43.78
-43.78
-42.63
-41.69
-41.69
-44.03
-42.35
-44.12
-46.07
-44.78
-44.78
-44.29
-46.56
-46.56
-45.01
-45.01
-43.99
-43.99
-39.73
-39.73
-42.45
-47.21
-46.67
-43.58
-43.58
-46.39
-45.85
-45.85
-43.95
-43.95
-45.60
-46.79
-46.79
-46.39
-46.12
-45.15
-45.15
-45.35
-46.07
-46.07
-47.02
-47.02
-44.83
-46.22
-46.22
-46.39
-44.24
-46.34
-46.27
-46.07
-46.07
-44.92
-44.92
-46.27
-44.37
-44.37
-47.58
-45.55
-46.17
-46.34
-46.34
-47.39
-44.42
-44.42
-43.22
-43.22
-45.35
-43.00
-43.00
-45.35
-44.55
-42.49
-42.49
-41.69
-41.69
-41.18
-42.39
-40.88
-41.84
-41.84
-46.44
-45.11
-45.11
-41.18
-41.18
-43.08
-43.08
-44.87
-43.82
-43.95
-43.95
-42.39
-44.92
-42.42
-44.97
-44.97
-44.51
-44.51
-47.26
-44.24
-44.24
-45.15
-41.65
-46.27
-46.27
-43.58
-44.46
-44.46
-44.51
-43.46
-46.56
-46.56
-44.97
-44.97
-42.45
-43.74
-42.93
-42.93
-44.37
-46.85
-46.85
-42.93
-45.39
-45.39
-43.65
-40.74
-40.74
-44.64
-37.32
-44.83
-44.12
-44.12
-43.99
-42.96
-42.96
-42.17
-42.17
-43.65
-44.60
-46.07
-46.07
-45.60
-45.60
-44.87
-45.80
-44.87
-43.31
-43.31
-45.39
-45.39
-47.08
-45.65
-43.95
-43.95
-47.90
-47.90
-45.39
-46.79
-44.87
-44.87
-45.44
-45.44
-45.96
-45.65
-45.65
-47.14
-45.30
-45.30
-45.06
-45.06
-41.28
-45.06
-45.06
-45.15
-45.65
-46.50
-46.50
-44.73
-44.73
-46.39
-46.39
-45.90
-45.75
-46.44
-46.44
-46.39
-46.39
-46.85
-46.85
-46.85
-45.20
-47.51
-47.51
-47.26
-47.26
-45.60
-45.60
-44.42
-47.83
-47.83
-43.86
-44.20
-43.42
-44.83
-46.39
-43.16
-43.16
-45.85
-46.73
-46.50
-44.24
-47.32
-45.35
-45.35
-45.85
-45.01
-44.64
-44.60
-44.60
-44.42
-43.31
-43.31
-44.20
-43.78
-43.78
-43.58
-43.58
-43.91
-43.91
-43.12
-45.15
-45.15
-45.85
-45.85
-45.01
-45.06
-46.22
-46.22
-44.20
-44.69
-44.69
-44.83
-44.83
-46.01
-45.85
-43.16
-43.16
-44.73
-44.73
-44.73
-44.73
-42.89
-43.95
-42.56
-42.56
-45.44
-45.44
-44.33
-42.27
-42.27
-43.91
-43.91
-43.91
-43.99
-45.11
-43.00
-43.62
-43.62
-44.92
-42.39
-42.39
-45.85
-45.85
-44.55
# TIME - 00:48
-44.20
-44.20
-41.98
-45.20
-45.20
-28.63
-29.51
-30.06
-35.36
-42.56
-42.56
-22.85
-37.23
-27.94
-27.94
-28.42
-32.05
-32.05
-31.96
-31.96
-28.97
-30.68
-47.32
-47.32
-42.85
-44.60
-42.96
-42.42
-42.42
-47.45
-47.45
-45.01
-45.01
-47.51
-44.87
-44.87
-45.15
-45.15
-43.00
-45.80
-45.80
-46.27
-45.44
-46.27
-46.12
-47.14
-47.14
-45.11
-45.11
-44.33
-44.33
-44.73
-41.50
-43.62
-43.62
-43.65
-43.65
-44.87
-45.44
-42.49
-42.49
-45.44
-46.01
-43.91
-45.01
-45.25
-45.25
-40.63
-40.63
-42.89
-42.89
-45.01
-42.49
-42.49
-44.73
-45.11
-45.11
-46.39
-45.39
-45.39
-42.89
-46.62
-46.50
-46.50
-45.50
-46.12
-43.18
-43.18
-46.22
-46.22
-46.56
-45.20
-45.20
-43.71
-45.50
-45.50
-44.03
-45.35
-46.17
-46.17
-39.09
-40.86
-35.87
-32.19
-35.21
-35.21
-25.64
-31.14
-31.14
-26.68
-26.68
-37.05
-29.11
-30.90
-30.90
-30.52
-30.52
-33.55
-33.55
-39.94
-39.94
-44.97
-44.97
-45.85
-44.83
-44.83
-45.55
-44.69
-44.69
-42.25
-42.25
-43.62
-44.97
-46.96
-46.96
-43.39
-43.39
-44.03
-44.03
-42.45
-42.45
-45.30
-45.30
-45.20
-45.20
-45.01
-45.01
-45.15
-45.15
-44.64
-44.64
-43.42
-43.42
-46.17
-47.02
-46.27
-46.27
-44.73
-45.11
-45.11
-45.06
-45.06
-44.64
-44.64
-44.60
-44.60
-46.01
-42.73
-42.73
-42.59
-41.58
-43.82
-43.82
-43.31
-42.93
-42.93
-43.39
-46.22
-45.55
-45.55
-44.55
-44.55
-44.60
-43.65
-43.65
-43.16
-43.16
-45.50
-45.50
-44.03
-44.83
-44.83
-43.62
-43.62
-44.55
-45.44
-44.83
-44.83
-44.08
-44.83
-44.83
-44.92
-45.50
-45.50
-45.06
-45.06
-45.44
-41.56
-45.44
-45.44
-44.29
-44.92
-45.01
-45.01
-45.30
-45.30
-43.71
-43.71
-41.43
-41.43
-44.12
-43.39
-43.39
-45.39
-45.50
-45.50
-44.60
-43.39
-43.39
-45.11
-43.65
-43.65
-43.22
-43.22
-46.73
-46.73
-44.03
-44.03
-41.69
-41.69
-45.15
-45.15
-45.25
-43.74
-43.74
-45.55
-45.55
-44.46
-42.49
-41.69
-44.55
-44.55
-44.33
-44.33
-45.39
-45.39
-47.14
-47.14
-45.55
-44.37
-44.37
-45.39
-45.39
-44.33
-45.80
-45.80
-43.50
-45.25
-45.25
-45.25
-45.25
-42.21
-42.21
-42.85
-42.85
-43.78
-44.97
-44.97
-45.75
-45.75
-44.60
-44.60
-45.44
-43.18
-43.18
-44.20
-44.20
-44.20
-30.13
-30.13
-41.28
-45.50
-44.29
-44.12
-45.75
-43.74
-43.74
-42.59
-42.59
-43.62
-43.62
-43.46
-43.46
-45.55
-41.58
-41.58
-42.53
-41.50
-41.50
-43.58
-43.58
-42.07
-44.03
-44.42
-44.42
-44.87
-41.81
-44.12
-44.33
-45.90
-44.46
-43.62
# TIME - 00:49
-43.62
-44.33
-42.31
-28.73
-28.73
-29.66
-29.66
-32.17
-32.17
-36.79
-36.79
-45.39
-45.39
-44.08
-44.08
-44.08
-46.22
-46.22
-45.65
-45.65
-42.31
-42.31
-46.07
-46.07
-44.83
-44.83
-46.27
-47.02
-42.49
-42.49
-45.44
-45.44
-44.60
-44.83
-44.83
-43.42
-43.42
-44.20
-42.45
-42.45
-46.39
-46.50
-44.97
-46.67
-46.67
-46.85
-36.91
-38.01
-43.99
-40.88
-43.42
-39.50
-39.50
-40.91
-42.45
-46.22
-46.22
-45.06
-45.06
-48.03
-48.03
-44.55
-44.55
-43.12
-46.34
-46.34
-42.31
-42.31
-41.81
-41.81
-43.82
-41.94
-41.94
-46.34
-46.34
-45.96
-45.96
-44.12
-44.12
-45.70
-45.70
-44.83
-44.83
-44.97
-44.97
-47.02
-45.50
-43.71
-43.71
-43.62
-43.62
-45.11
-45.11
-46.01
-46.01
-44.24
-44.24
-45.01
-45.01
-44.78
-44.78
-42.73
-42.73
-46.17
-46.17
-43.39
-44.55
-45.35
-42.01
-42.01
-42.81
-42.81
-42.67
-42.67
-46.85
-46.85
-45.55
-45.55
-44.64
-44.64
-45.15
-46.67
-46.67
-46.56
-46.56
-44.46
-46.07
-46.96
-46.96
-44.20
-44.73
-45.90
-45.90
-45.20
-45.15
-45.15
-45.44
-45.44
-42.71
-46.73
-44.69
-44.69
-42.81
-45.30
-45.60
-45.60
-45.35
-46.96
-43.18
-43.18
-44.20
-44.20
-45.65
-45.15
-45.15
-46.79
-44.64
-38.40
-38.40
-41.58
-44.51
-42.31
-42.31
-46.39
-46.39
-45.25
-45.25
-45.11
-45.11
-46.44
-46.44
-36.35
-36.35
-34.22
-34.22
-36.52
-36.52
-30.11
-30.11
-34.04
-34.42
-34.85
-36.31
-36.31
-43.31
-43.31
-46.67
-46.67
-43.50
-45.85
-45.85
-43.27
-43.27
-44.29
-44.29
-45.55
-44.55
-44.55
-39.53
-39.50
-37.80
-41.21
-36.56
-35.82
-35.82
-34.86
-39.13
-39.13
-29.69
-31.18
-31.18
-32.04
-24.51
-33.01
-34.30
-35.19
-38.42
-38.12
-38.12
-34.89
-32.66
-31.48
-31.48
-39.78
-39.78
-39.07
-42.07
-42.07
-41.98
-41.06
-41.06
-41.98
-42.27
-41.94
-45.75
-45.01
-43.71
-43.71
-45.96
-45.96
-46.27
-46.27
-44.51
-44.51
-46.44
-46.44
-44.42
-46.39
-46.39
-44.51
-47.02
-47.02
-45.44
-45.44
-45.70
-45.50
-47.26
-47.26
-43.04
-43.99
-46.12
-46.12
-43.50
-43.50
-45.44
-46.62
-46.62
-43.00
-47.83
-46.79
-46.79
-44.20
-47.26
-47.26
-47.96
-44.24
-44.24
-47.96
-34.63
-32.97
-44.24
-44.24
-45.20
-45.20
-45.60
-46.17
-45.39
-46.67
-46.07
-46.07
-45.60
-45.60
-47.90
-47.90
-47.51
-47.51
-46.73
-46.73
-45.50
-45.50
-44.24
-46.67
-46.67
-45.25
-46.17
-47.45
-47.45
-46.39
-46.39
-46.79
-46.79
-46.67
-44.03
-44.03
-46.01
-45.80
-45.20
-45.39
-45.39
-45.96
-45.96
-46.34
-46.07
-43.35
-46.01
# TIME - 00:50
-43.78
-43.78
-46.44
-46.44
-28.33
-29.60
-29.60
-41.71
-46.01
-43.71
-44.87
-45.50
-44.20
-46.79
-45.80
-45.80
-44.03
-44.03
-46.27
-45.01
-45.01
-45.11
-46.17
-46.44
-46.34
-46.34
-45.70
-43.27
-43.27
-44.24
-45.60
-45.60
-45.50
-45.50
-42.27
-42.27
-44.29
-45.60
-44.24
-45.25
-43.99
-43.99
-44.78
-47.71
-46.96
-46.96
-46.01
-45.15
-46.12
-46.12
-44.08
-45.70
-45.70
-44.03
-44.12
-44.12
-45.06
-45.06
-45.55
-45.85
-44.60
-44.60
-48.17
-44.73
-44.73
-46.39
-44.29
-46.44
-47.32
-45.80
-45.80
-45.35
-46.34
-46.34
-47.02
-44.42
-45.20
-45.20
-46.67
-47.08
-45.50
-43.95
-45.50
-45.50
-44.73
-46.44
-45.75
-45.75
-47.14
-47.14
-47.83
-45.20
-45.20
-43.08
-43.08
-46.17
-44.60
-46.39
-46.34
-45.96
-46.17
-44.73
-45.11
-45.11
-45.11
-44.42
-45.80
-46.12
-44.83
-44.78
-44.78
-45.90
-45.90
-45.44
-45.44
-46.27
-46.27
-45.55
-44.69
-46.67
-46.67
-46.96
-45.35
-45.35
-44.78
-44.78
-45.35
-47.26
-46.39
-45.11
-45.11
-42.81
-42.81
-43.62
-43.62
-46.73
-46.73
-44.69
-46.85
-46.85
-44.03
-44.03
-35.08
-35.08
-35.08
-37.94
-37.94
-37.30
-25.39
-26.84
-26.84
-35.83
-35.83
-33.43
-31.92
-25.01
-30.93
-30.93
-25.10
-25.75
-25.75
-31.68
-38.38
-41.62
-41.58
-41.58
-42.25
-42.25
-45.25
-45.25
-45.55
-43.54
