# VU METER LOGGER FOR DAY STARTS
# --
# Sun 01 Nov 2015 04:07:31
# --
# Logging is -60 to 0 db
# --
# TIME - 04:07
-52.24
-59.81
-59.81
-59.81
-59.81
-59.81
-59.81
-59.81
-59.81
-59.81
-59.81
-59.81
-59.81
-59.81
-59.81
-59.81
-59.81
-59.81
-59.81
-59.81
-59.81
-59.81
-59.81
-59.81
-59.81
-59.81
-59.81
-59.81
-59.81
-59.81
-59.81
-59.81
-59.81
-59.81
-59.81
-59.81
-59.81
-59.81
-59.81
-59.81
-59.81
-59.81
-59.81
-59.81
-59.81
-59.81
-59.81
-59.81
-59.81
-59.81
-59.81
-59.81
-59.81
-59.81
-59.81
-59.81
-59.81
-59.81
-59.81
-59.81
-59.81
-59.81
-59.81
-59.81
-59.81
-59.81
-59.81
-59.81
-59.81
-59.81
-59.81
-59.81
-59.81
-59.81
-59.81
-59.81
-59.81
-59.81
-59.81
-59.81
-59.81
-59.81
-59.81
-59.81
-59.81
-59.81
-59.81
-59.81
-59.81
-59.81
-59.81
-59.81
-59.81
-59.81
-59.81
-59.81
-59.81
-59.81
-59.81
-59.81
-59.81
-59.81
-59.81
-59.81
-59.81
-59.81
-59.81
-59.81
-59.81
-59.81
-59.81
-59.81
-59.81
-59.81
-59.81
-59.81
-59.81
-59.81
-59.81
-59.81
-59.81
-59.81
-59.81
-59.81
-59.81
-59.81
-59.81
-59.81
-59.81
-59.81
-59.81
-59.81
-59.81
-59.81
-59.81
-59.81
-59.81
-59.81
-59.81
-59.81
-59.81
-59.81
-59.81
-59.81
-59.81
-59.81
-59.81
-59.81
-59.81
-59.81
-59.81
-59.81
-59.81
-59.81
-59.81
-59.81
-59.81
-59.81
-59.81
-59.81
-59.81
-59.81
-59.81
-59.81
-59.81
-59.81
-59.81
-59.81
-59.81
-59.81
-59.81
-59.81
-59.81
-59.81
-59.81
-59.81
-59.81
-59.81
-09.81
-10.79
-10.79
-59.81
-59.81
-59.81
-59.81
-59.81
-59.81
-59.81
-59.81
-59.81
-59.81
-59.81
-59.81
-59.81
-59.81
-59.81
-59.81
-59.81
-59.81
-59.81
-59.81
-59.81
-59.81
-59.81
-59.81
-59.81
-59.81
-59.81
-59.81
-59.81
-59.81
-59.81
-09.80
-10.77
-59.81
-59.81
-59.81
-59.81
-59.81
-09.80
-10.77
-59.81
-59.81
-59.81
-59.81
-59.81
-59.81
-59.81
-59.81
-59.81
-59.81
-59.81
-59.81
-59.81
-59.81
-59.81
-59.81
-59.81
-59.81
-59.81
-59.81
-59.81
-59.81
-59.81
-59.81
-59.81
-59.81
-59.81
# TIME - 04:08
-59.81
-59.81
-59.81
-59.81
-59.81
-59.81
-59.81
-59.81
-59.81
-59.81
-59.81
-59.81
-59.81
-59.81
-59.81
-59.81
-59.81
-59.81
-59.81
-59.81
-59.81
-59.81
-59.81
-59.81
-59.81
-59.81
-59.81
-59.81
-59.81
-59.81
-59.81
-59.81
-59.81
-59.81
-59.81
-59.81
-59.81
-59.81
-59.81
