# VU METER LOGGER FOR DAY STARTS
# --
# Thu 19 Jun 2014 10:03:30
# --
# Logging is -60 to 0 db
# --
# TIME - 10:03
-59.81
-25.53
-31.07
-31.07
-34.50
-34.43
-33.53
-35.49
-34.31
-33.85
-35.48
-34.59
-35.08
-30.45
-29.33
-27.18
-29.21
-26.47
-25.51
-26.04
-31.37
-34.30
-35.14
-35.14
-34.98
-34.49
-33.92
-34.36
-34.35
-34.68
-35.22
-33.90
-34.76
-34.76
-33.88
-32.91
-34.59
-33.97
-34.77
-33.87
-34.72
-33.39
-33.69
-34.13
-35.21
-34.27
-33.50
-33.50
-34.86
-34.53
-34.80
-32.95
-33.64
-34.59
-35.14
-35.58
-33.28
-35.04
-34.80
-32.89
-33.34
-35.14
-35.74
-35.39
-34.13
-34.17
-33.39
-33.39
-33.99
-33.56
-34.42
-34.31
-35.42
-34.01
-34.89
-34.89
-33.33
-24.79
-34.04
-08.78
-08.78
-16.74
-25.09
-25.99
-24.37
-21.65
-24.88
-20.18
-13.57
-15.00
-15.00
-17.16
-20.09
-12.96
-12.96
-17.38
-13.38
-17.18
-17.18
-08.33
-12.84
-23.62
-23.55
-31.14
-30.38
-34.43
-32.81
-34.35
-34.44
-33.87
-32.14
-33.76
-32.36
-32.55
-34.08
-33.30
-34.27
-33.65
-33.90
-33.43
-32.75
-32.75
-33.56
-33.20
-32.86
-34.01
-34.40
-32.40
-32.40
-32.04
-34.85
-13.85
-15.19
-16.61
-25.84
-21.24
-14.75
-14.77
-24.79
-27.22
-33.06
-34.53
-31.57
-35.12
-35.12
-34.48
-34.49
-34.10
-34.44
-32.69
-33.10
-35.27
-33.66
-34.47
-34.03
-34.03
-34.90
-34.56
-35.03
-33.98
-34.67
-33.99
-33.92
-33.66
-34.36
-34.36
-34.43
-34.53
-35.23
-34.04
-35.80
-35.08
-34.04
-34.43
-34.49
-34.49
-34.47
-34.86
-34.79
-34.79
-34.59
-33.24
-12.73
-12.73
-15.54
-22.94
-16.78
-16.78
-09.89
-07.81
-18.84
-09.52
-21.44
-16.03
-29.53
-21.10
-14.47
-16.59
-13.14
-16.14
-10.01
-21.50
-09.88
-20.41
-08.20
-12.14
-15.13
-10.61
-22.48
-12.91
-22.94
-09.97
-11.97
-11.97
-15.31
-27.82
-36.95
-35.50
-34.36
-35.62
-35.65
-34.42
-33.47
-33.47
-28.83
-26.43
-27.09
-32.35
-25.19
-24.01
-24.75
-25.06
-32.50
-19.02
-22.45
-23.39
-34.12
-22.73
-24.31
-24.00
-23.87
-24.91
-26.89
-30.85
-22.82
-20.74
-20.74
-30.04
-25.89
-35.07
-35.07
-34.94
-35.22
-34.80
-34.73
-34.33
-34.15
-34.15
-34.30
-34.17
-34.48
-34.08
-34.42
-34.80
-35.11
-35.30
# TIME - 10:04
-35.27
-33.75
-24.10
-22.95
-24.01
-19.87
-33.11
-23.32
-22.16
-27.16
-22.54
-25.84
-26.70
-33.81
-34.68
-34.38
-33.24
-35.62
-33.85
-34.11
-34.76
-34.24
-34.95
-32.43
-33.97
-32.41
-32.41
-25.02
-24.26
-23.22
-25.64
-30.22
-19.92
-19.92
-18.68
-19.85
-24.10
-23.78
-21.98
-22.11
-26.80
-26.04
-22.03
-22.03
-21.87
-27.31
-34.77
-35.26
-34.96
-34.48
-35.35
-15.91
-20.50
-21.99
-25.35
-23.97
-23.97
-21.43
-21.18
-18.82
-27.55
-24.49
-33.14
-33.14
-19.22
-26.57
-26.63
-18.48
-16.68
-23.87
-23.58
-24.92
-22.71
-22.12
-20.31
-21.61
-20.83
-29.78
-32.59
-35.07
-27.46
-16.15
-15.86
-15.86
-21.55
-27.95
-35.08
-35.08
-34.80
-35.51
-35.55
-34.89
-35.63
-35.69
-35.69
-35.96
-35.02
-35.48
-35.87
-36.24
-35.22
-34.39
-35.05
-35.57
-35.03
-34.84
-35.04
-34.39
-34.39
-35.34
-34.73
-35.39
-35.26
-34.40
-35.58
-35.03
-34.39
-35.63
-35.63
-34.77
-35.16
-35.49
-35.49
-34.80
-34.08
-35.18
-35.18
-35.19
-35.48
-35.36
-32.93
-24.51
-25.55
-25.55
-30.34
-21.93
-22.85
-22.85
-16.12
-15.91
-35.05
-35.05
-34.80
-35.26
-27.90
-21.96
-23.45
-21.50
-27.51
-28.97
-23.59
-29.93
-33.07
-34.43
-34.63
-34.42
-33.30
-33.51
-34.99
-35.08
-34.31
-35.26
-34.85
-35.07
-35.07
-34.53
