# VU METER LOGGER FOR DAY STARTS
# --
# Wed 30 Jun 2010 20:30:56
# --
# Logging is -60 to 0 db
# --
# TIME - 20:30
-59.81
-08.72
-12.82
-13.66
-13.38
-17.10
-14.21
-14.29
-16.31
-16.31
-06.77
-09.90
-10.71
-09.85
-08.88
-12.24
-11.27
-11.27
-11.27
-11.49
-09.53
-14.57
-12.75
-16.19
-14.56
-12.00
-13.70
-10.22
-09.71
-10.84
-10.84
-08.79
-13.20
-16.37
# TIME - 20:31
-16.37
-16.04
-15.73
-15.09
-15.67
-15.67
-14.62
-14.62
-13.12
-13.12
-12.26
-14.72
-12.72
-14.20
-12.70
-14.57
-14.57
-13.35
-14.66
-13.47
-13.18
-14.89
-14.56
-15.16
-13.79
-12.46
-16.41
-15.12
-13.56
-13.41
-15.53
-14.49
-15.67
-11.19
-11.55
-14.52
-14.50
-14.50
-14.50
-12.65
-15.00
-14.66
-13.71
-13.71
-13.87
-15.34
-13.99
-14.02
-14.02
-13.76
-14.85
-15.64
-14.70
-14.71
-16.14
-14.30
-15.17
-13.34
-13.98
-14.58
-15.46
-14.03
-14.98
-14.67
-14.22
-09.79
-14.63
-13.14
-13.14
-13.71
-15.12
-15.77
-14.79
-14.57
-09.24
-14.38
-14.15
-14.61
-14.21
-13.85
-12.55
-14.75
-14.03
-14.30
-13.16
-14.94
-15.04
-14.94
-15.08
-13.51
-14.91
-14.91
-14.67
-14.48
-15.05
-13.80
-13.37
-13.24
-13.24
-14.68
-14.68
-14.21
-14.43
-14.33
-10.75
-10.81
-10.81
-10.63
-12.82
-13.78
-13.66
-16.42
-13.32
-13.70
-13.42
-14.50
-14.24
-13.39
-12.61
-15.03
-11.94
-16.56
-15.41
-13.83
-13.81
-12.59
-11.85
-12.43
-13.06
-15.90
-13.99
-14.33
-14.06
-15.05
-10.80
-09.25
-13.58
-15.69
-14.53
-16.40
-15.69
-13.87
-13.02
-13.44
-14.20
-14.75
-13.60
-14.52
-12.06
-14.95
-09.65
-15.58
-14.01
-14.68
-14.68
-15.08
-12.89
-10.24
-16.54
-15.81
-11.77
-17.47
-16.17
-14.59
-14.93
-12.50
-12.50
-14.07
-14.65
-14.26
-14.45
-17.46
-11.00
-12.55
-13.07
-14.79
-14.79
-13.94
-14.36
-06.24
-13.33
-15.57
-13.53
-12.68
-14.31
-15.31
-15.63
-15.63
-13.99
-13.00
-15.64
-15.64
-14.08
-14.52
-14.52
-12.41
-15.86
-17.01
-13.04
-13.11
-11.81
-13.33
-14.26
-13.58
-15.42
-13.20
-12.89
-13.04
-15.05
-15.05
-13.37
-12.77
-13.52
-13.35
-14.27
-13.90
-13.15
-13.56
-13.56
-12.93
-12.70
-13.85
-15.18
-13.35
-13.64
-14.42
-14.15
-14.15
-14.03
-14.03
-12.68
-14.95
-16.03
-16.03
-15.09
-15.97
-15.42
-14.19
-14.34
-14.31
-14.31
-14.19
-13.34
-13.34
-13.52
-10.85
-13.96
-13.96
-14.58
-13.93
-15.44
-12.78
-13.48
-12.96
-12.77
-14.21
-12.96
-15.05
-14.57
-13.56
-14.50
-15.86
-11.62
-13.04
-15.02
-14.70
-12.64
-11.82
-16.54
-11.78
-14.36
-13.12
-15.77
-12.46
-14.17
-13.60
-15.27
-14.08
-13.01
-13.96
-13.43
-14.33
-12.92
-13.25
-13.25
-15.36
-14.75
-13.32
-10.17
-13.74
-13.74
-11.90
-14.91
-14.70
-14.21
-13.58
-10.81
-14.73
-13.90
-15.12
-14.68
-13.19
-13.84
-13.09
-14.24
-12.70
-13.10
-13.98
-15.03
-15.03
-13.76
-14.61
-15.36
-15.09
-14.22
-13.85
-14.63
-12.74
-13.69
-15.45
-16.03
-14.49
-12.78
-12.89
-14.65
-13.70
-15.48
-13.89
-13.78
-13.32
-11.86
-14.27
-13.80
-13.51
-13.51
-09.38
-12.87
-12.88
-14.31
-16.65
-13.56
-14.36
-12.41
-12.63
-16.12
-15.49
-12.75
-11.62
-11.73
-11.12
-15.67
-14.31
-17.57
-14.67
-15.55
-14.20
-13.61
-13.73
-14.47
-14.08
-14.33
-13.02
-13.71
-15.87
-14.47
-13.87
-11.26
-14.61
-12.22
-12.00
-14.48
-14.29
-14.31
-14.38
-13.85
-14.61
-14.61
-13.66
-11.85
-11.54
-12.97
-00.00
-00.00
-00.00
-00.00
-00.00
-00.00
-00.00
-00.00
-00.00
-06.85
-00.00
-00.00
-00.00
-00.00
-00.00
-08.28
-14.58
-13.46
-13.12
-14.39
-14.44
-15.03
-14.38
-14.33
-12.89
-13.30
-11.90
-15.00
-14.95
-13.99
-13.10
-14.93
-14.68
-11.65
-15.41
-15.21
-11.03
-14.01
-12.98
-03.96
-00.00
-00.00
-00.00
-00.00
-00.00
-00.00
-01.89
-12.97
-14.13
-11.21
-13.89
-10.95
-15.22
-13.41
-15.72
-12.63
-09.90
-10.47
-00.00
-00.00
-00.00
-00.00
-06.49
-00.00
-07.91
-07.91
-00.00
-00.00
-01.10
-00.00
-00.00
-04.40
-14.67
-16.72
-13.85
-11.19
-10.62
-14.63
-14.57
-15.31
-13.25
-11.96
-14.21
-14.22
-11.14
-13.70
-14.30
-14.30
-14.67
# TIME - 20:32
-16.97
-12.63
-13.09
-13.69
-12.41
-11.55
-13.47
-16.50
-12.54
-13.04
-13.38
-08.74
-12.09
-11.08
-10.21
-11.87
-08.65
-10.50
-16.82
-17.33
-15.96
-15.17
-11.50
-13.09
-09.02
-17.01
-16.29
-16.78
-16.24
-16.08
-09.96
-09.41
-11.22
-16.66
-16.43
-17.58
-15.41
-16.42
-10.95
-11.57
-08.89
-14.62
-16.23
-16.73
-16.08
-11.22
-11.21
-11.45
-08.74
-11.04
-13.12
-09.05
-16.68
-10.45
-11.74
-09.25
-12.23
-15.78
-16.50
-15.55
-16.68
-12.17
-11.63
-09.46
-12.32
-16.05
-17.53
-17.01
-15.74
-12.14
-11.54
-08.82
-12.65
-17.48
-16.37
-17.12
-16.06
-10.58
-15.90
-11.02
-09.99
-09.33
-16.69
-16.49
-15.71
-10.71
-12.89
-11.63
-09.15
-15.25
-12.08
-12.17
-12.95
-08.84
-11.45
-16.08
-09.14
-16.12
-15.51
-16.26
-17.34
-10.86
-08.14
-15.07
-15.90
-16.68
-16.06
-16.88
-17.37
-10.91
-08.18
-15.49
-16.58
-16.65
-11.17
-08.20
-10.58
-08.65
-08.66
-16.87
-16.26
-16.93
-16.50
-16.87
-10.59
-07.82
-09.41
-15.09
-11.09
-08.33
-15.28
-16.98
-10.49
-07.88
-11.05
-15.65
-16.88
-16.20
-16.35
-16.43
-11.02
-07.95
-10.58
-15.94
-16.35
-15.63
-16.70
-16.37
-10.75
-07.76
-10.54
-16.32
-16.27
-16.63
-16.31
-16.64
-11.37
-07.54
-11.07
-16.24
-15.40
-11.30
-14.26
-08.52
-10.48
-12.98
-07.49
-15.63
-12.47
-13.58
-08.05
-15.77
-09.70
-07.74
-12.05
-16.58
-16.79
-17.00
-10.50
-13.10
-16.63
-08.91
-11.50
-14.73
-15.46
-15.46
-15.55
-17.00
-15.07
-16.13
-11.12
-12.75
-08.63
-16.08
-16.13
-16.43
-13.76
-16.14
-09.76
-10.42
-13.81
-08.52
-08.78
-16.32
-15.68
-13.32
-11.51
-11.63
-14.30
-09.05
-10.07
-16.01
-15.30
-16.37
-09.89
-11.78
-15.35
-08.84
-13.27
-16.17
-13.93
-16.20
-11.57
-10.52
-14.81
-08.74
-11.05
-15.71
-10.85
-15.81
-09.01
-12.81
-09.62
-10.26
-15.86
-16.61
-14.04
-16.06
-11.04
-13.34
-09.09
-13.20
-16.51
-16.51
-15.58
-15.44
-10.36
-12.15
-08.89
-09.87
-12.00
-12.55
-10.62
-15.05
-11.35
-11.28
-09.44
-11.02
-15.60
-17.29
-15.53
-15.99
-11.04
-13.53
-08.54
-10.35
-16.15
-15.92
-14.33
-15.63
-10.58
-13.47
-08.74
-12.55
-16.92
-15.62
-14.75
-16.13
-11.26
-09.12
-09.55
-16.24
-15.54
-09.61
-10.40
-08.60
-09.78
-11.55
-08.89
-11.99
-16.43
-15.80
-14.13
-15.92
-10.48
-13.11
-09.18
-13.79
-16.15
-08.70
-11.18
-10.75
-13.53
-10.95
-10.19
-14.95
-14.10
-12.54
-11.55
-13.67
-13.74
-13.60
-13.78
-14.47
-13.64
-12.24
-14.06
-14.75
-14.63
-14.16
-12.88
-14.58
-15.39
-13.89
-13.48
# TIME - 22:16
-16.41
-13.89
-13.84
-16.03
-16.24
-16.33
-16.10
-14.42
-12.50
-16.63
-09.62
-11.69
# TIME - 22:17
-11.91
-13.24
-12.77
-13.75
-13.75
-14.27
-09.55
-10.89
-13.51
-10.19
-17.34
-17.57
-11.39
-15.45
-15.44
-15.45
-13.51
-10.08
-15.55
-14.67
-10.24
-16.20
-12.73
-15.55
-10.42
-16.52
-13.65
-15.82
-14.89
-13.65
-15.60
-13.05
-16.01
-15.50
-15.07
-10.68
-15.62
-14.50
-14.20
-14.22
-14.42
-14.03
-15.23
-14.76
-15.44
-15.23
-15.19
-12.22
-14.50
-17.39
-14.21
-15.91
-14.15
-16.58
-13.62
-12.12
-14.65
-15.09
-11.17
-11.41
-14.85
-11.58
-15.50
-13.94
-14.94
-11.78
-10.07
-12.42
-14.04
-09.92
-13.01
-14.12
-15.74
-14.59
-15.23
-14.96
-14.84
-14.38
-12.95
-14.08
-16.91
-16.70
-11.64
-15.41
-09.85
-12.31
-13.21
-17.29
-10.12
-14.30
-13.42
-16.37
-09.58
-16.81
-16.47
-17.10
-17.25
-17.16
-11.88
-15.18
-09.37
-11.11
-16.56
-15.49
-16.42
-12.20
-11.65
-09.42
-10.21
-16.82
-17.90
-16.89
-13.81
-12.70
-11.87
-13.24
-09.85
-13.04
-16.55
-16.86
-17.21
-17.74
-17.47
-11.14
-13.73
-09.61
-16.81
-16.96
-17.19
-11.04
-14.19
-13.64
-09.55
-11.73
-17.00
-16.38
-16.43
-16.60
-16.87
-09.97
-13.71
-12.79
-10.11
-13.48
-15.00
-17.20
-12.74
-15.39
-16.24
-14.73
-15.62
-16.27
-14.01
-14.99
-16.59
-11.76
-14.52
-15.88
-14.53
-10.89
-09.84
-12.40
-16.10
-17.06
-16.96
-16.92
-12.35
-14.17
-10.16
-13.80
-16.33
-16.83
-15.65
-15.44
-14.73
-11.59
-12.38
-10.03
-11.31
-16.83
-17.12
-17.43
-16.88
-16.91
-11.86
-11.04
-08.89
-13.57
-16.89
-16.66
-17.74
-16.42
-16.41
-10.81
-13.58
-09.67
-14.86
-17.34
-16.26
-16.88
-16.37
-16.45
-11.09
-14.47
-09.90
-12.87
-16.95
-17.57
-17.11
-16.91
-16.59
-11.92
-17.46
-12.17
-09.83
-12.27
-10.50
-13.55
-09.80
-15.59
-11.36
-13.84
-09.62
-11.90
-17.27
-18.45
-17.73
-17.35
-17.55
-11.65
-12.70
