        1   2   3   4   5   6   7   8   9  10  11  12  13  14  15  16  17  18  19  20
      --- --- --- --- --- --- --- --- --- --- --- --- --- --- --- --- --- --- --- ---

 01 X  45  63  45  63  45  63  45  63  45   6  45  65  51  10  99                     
 01 Y  65  54  63  56  34  56  34  56  43  56  64   5   8  10  99                     

 02 X  45  63  46  34  63  45  63  45  64  64                                         
 02 Y  46  34  56  34  63  46  34  63  45   6                                         

 03 X  43  63  46  34  56  34  56   5  43  53  45                                     
 03 Y  43  63  46  34  56  34  56   5  34  53  45                                     

 04 X  54  36  34  63  46  46  45   6                                                 
 04 Y  45  63  45  63  46  35  64  56  

                                               
