        1   2   3   4   5   6   7   8   9  10  11  12  13  14  15  16  17  18  19  20
      --- --- --- --- --- --- --- --- --- --- --- --- --- --- --- --- --- --- --- ---

 01 X  11  12  14  20  25  28  33  38  43  47  50  53  56  59  62  65  68  73  77 
 01 Y   5   4   4   5   7   9  13  18  22  28  32  28  24  19  16  11  12  10   8 

 02 X  79  80  81  83  83  82  80  77  73  70  66  65  65  67  69  74  79  84  85 
 02 Y   6   3   0   4   6  10  14  19  23  28  34  36  38  40  42  45  49  53  55 

 03 X  88  90  91  86  82  77  71  67  62  56  55  54  52  50  47  45  44  44  42 
 03 Y  58  63  69  65  62  61  60  59  56  52  62  71  78  85  91  89  80  75  68 

 04 X  42  41  39  36  30  26  20   9   5   4   0   0   2   5   8  15  22  26  29 
 04 Y  57  54  53  53  54  54  53  53  52  52  54  52  48  46  45  44  43  42  41 

 05 X  32  33  33  31  27  22  20  19  17  14  11  --  45  50  91  50  45  40   0  40 
 05 Y  39  37  35  32  27  21  18  15  10   7   5  --  91  50  45  40   0  40  45  50 

 06 X  45 
 06 Y  91 



