# VU METER LOGGER FOR DAY STARTS
# --
# Tue 16 Aug 2011 11:52:27
# --
# Logging is -60 to 0 db
# --
# TIME - 11:52
-59.81
-30.77
-36.40
-36.40
-37.73
-37.73
-34.93
-34.93
-37.15
-37.15
-37.16
-37.16
-38.58
-38.58
-37.16
-37.16
-36.95
-36.95
-36.74
-37.12
-37.12
-38.03
-38.03
-38.79
-38.79
-36.92
-36.92
-36.08
-36.08
-37.80
-37.80
-36.14
-36.14
-36.79
-36.79
-39.32
-39.32
-38.56
-38.56
-39.16
-39.16
-38.76
-38.76
-38.65
-38.65
-38.19
-38.19
-38.79
-38.79
-37.52
-37.52
-36.92
-36.92
-36.66
-38.65
-38.65
-37.83
-37.83
-40.63
-40.63
-36.66
-36.66
-38.99
-38.99
-34.38
-34.38
-36.88
-36.88
-37.89
-37.89
-39.58
-39.58
-38.96
-38.96
-36.59
-36.59
-38.99
-38.99
-37.84
-37.84
-38.31
-38.31
-37.58
-37.58
-36.15
-36.15
-38.25
-39.16
-39.35
-38.25
-38.25
-37.84
-37.84
-38.94
-38.94
-37.93
-37.93
-37.44
-37.44
-38.16
-38.16
-39.21
-39.21
-35.65
-35.65
-35.68
-35.68
-38.07
-38.07
-37.99
-37.99
-36.19
-36.19
-38.71
-38.71
-36.18
-36.18
-35.97
-35.97
-38.19
-38.19
-38.67
-38.67
-38.76
-38.76
-38.73
-38.73
-38.73
-38.73
-39.07
-39.07
-38.71
-38.71
-38.01
-38.01
-38.07
-38.07
-36.82
-36.82
-38.76
-38.76
-37.93
-37.93
-40.15
-40.15
-38.62
-38.62
-36.43
-36.43
-37.04
-37.04
-40.01
-40.01
-38.73
-38.73
-37.90
-37.90
-39.16
-39.16
-36.75
-36.75
-38.49
-38.49
-38.10
-38.10
-36.79
-36.79
-36.52
-36.52
-38.90
-38.90
-38.13
-38.13
-37.87
-37.87
-37.27
-37.27
-38.96
-38.96
-39.18
-39.18
-39.13
-39.13
-39.63
-39.63
-36.47
-36.47
-38.67
-38.67
-39.02
-39.02
-37.99
-37.99
-35.92
-35.92
-39.55
-39.55
-38.70
-38.70
-38.26
-38.26
-37.74
-37.74
-36.98
-36.98
-37.46
-37.46
-38.82
-38.82
-36.42
-36.42
-36.20
-36.20
-36.59
-36.59
-38.29
-38.29
-37.38
-37.38
-38.70
-38.70
-37.99
-37.99
-37.02
-37.02
-36.69
-36.69
-38.90
-38.90
-39.94
-39.94
-39.71
-39.71
-39.63
-39.63
-38.76
-38.76
-38.90
-38.90
-37.09
-37.09
-37.52
-37.52
-38.42
-38.42
-40.46
-40.46
-39.35
-39.35
-37.60
-37.60
-39.42
-39.42
-38.20
-38.20
-38.38
-38.38
-38.44
-38.44
-36.79
-36.79
-36.72
-36.72
-36.79
-36.79
-35.45
-35.45
-38.76
-38.76
-39.11
-39.11
-38.76
-38.76
-37.89
-37.89
-36.66
-36.66
-36.72
-36.72
-37.48
-37.48
-37.11
-37.11
-37.32
-37.32
-38.10
-38.10
-39.37
-39.37
-37.28
-37.28
-37.20
# TIME - 11:53
-37.20
-39.26
-39.26
-37.67
-37.67
-37.74
-37.74
-38.79
-38.79
-36.95
-36.95
-37.52
-37.52
-40.51
-40.51
-39.48
-39.48
-38.62
-38.62
-39.13
-37.66
-38.16
-38.16
-38.07
-38.07
-37.12
-37.12
-37.24
-37.24
-36.69
-36.69
-38.59
-38.59
-38.06
-38.06
-37.90
-37.90
-38.34
-38.34
-38.10
-38.10
-38.44
-38.44
-39.42
-39.42
-37.99
-37.99
-38.13
-38.13
-35.55
-35.55
-36.96
-36.96
-38.58
-38.58
-37.46
-37.46
-39.50
-39.50
-37.56
-37.56
-37.83
-37.83
-38.47
-38.47
-37.78
-37.78
-38.16
-38.16
-38.96
-38.96
-36.00
-36.00
-38.65
-38.65
-38.81
-38.81
-38.73
-38.73
-37.78
-37.78
-38.40
-38.40
-38.12
-38.12
-38.50
-38.50
-37.58
-37.58
-31.97
-31.97
-32.50
-32.50
-37.27
-37.27
-37.80
-37.80
-37.94
-37.94
-39.96
-39.96
-38.90
-38.90
-38.90
-38.90
-37.09
-37.09
-37.76
-37.76
-38.67
-38.67
-39.53
-39.53
-38.71
-38.71
-38.06
-38.06
-37.05
-37.05
-36.40
-36.40
-38.35
-38.35
-37.94
-37.94
-37.48
-37.48
-37.73
-37.73
-39.40
-39.40
-38.22
-38.22
-39.45
-39.45
-37.32
-37.32
-36.49
-36.49
-38.99
-38.99
-38.82
-38.82
-37.73
-37.73
-39.09
-39.09
-37.24
-37.24
-39.48
-39.48
-38.34
-38.34
-39.53
-39.53
-39.35
-39.35
-37.20
-37.20
-38.19
-38.19
-39.48
-39.48
-38.13
-38.13
-37.80
-38.06
-38.06
-38.03
-38.03
-38.16
-38.16
-35.13
-35.13
-36.20
-36.20
-37.58
-37.58
-36.74
-36.74
-38.82
-38.82
-36.91
-36.91
-39.13
-37.37
-37.37
-37.58
-37.58
-39.28
-39.28
-37.80
-37.80
-37.87
-37.87
-39.18
-39.18
-37.67
-37.67
-38.53
-38.53
-38.19
-38.19
-38.99
-38.99
-36.45
-36.45
-36.92
-36.92
-38.40
-38.40
-38.06
-38.06
-36.42
-36.42
-37.76
-37.76
-36.19
-36.19
-36.59
-36.59
-37.23
-37.23
-37.93
-37.93
-38.19
-38.19
-37.32
-37.76
-37.76
-38.82
-38.82
-38.76
-38.76
-37.28
-37.28
-37.64
-37.64
-36.75
-36.75
-36.58
-36.58
-36.98
-36.98
-38.93
-38.93
-39.37
-39.37
-37.73
-37.73
-38.22
-38.22
-37.19
-37.19
-38.12
-38.12
-38.88
-38.88
-37.66
-37.66
-37.53
-37.53
-37.41
-37.41
-37.19
-37.19
-36.03
-36.03
-36.84
-36.84
-37.50
-37.50
-37.27
-37.27
-37.87
-37.87
-35.86
-35.86
-35.91
-35.91
-37.11
-37.11
-36.58
-36.58
-36.47
-36.47
-36.83
-36.83
-38.22
-38.22
-37.34
-37.34
-36.42
-36.42
-36.92
-36.92
-36.23
-33.00
-33.00
-35.36
-35.36
-36.54
-36.54
-36.65
-36.65
-37.90
-37.90
-37.66
-37.66
-38.34
-38.34
-38.53
-38.53
-39.16
-39.16
-39.18
-39.18
-38.42
-38.42
-38.70
-38.70
-37.42
-38.93
-38.93
-39.13
-39.13
-38.96
-38.96
-37.48
-37.48
-36.61
-36.61
-38.06
-38.06
-38.65
-38.65
-36.88
-36.88
-36.69
-36.69
-37.00
-37.00
-37.00
-37.00
-36.03
-36.03
-38.07
-38.07
-36.15
-36.15
-37.99
-37.99
-37.87
-37.87
-37.83
-37.83
-36.52
-36.52
-37.19
-37.19
-37.62
-37.62
-38.20
-38.20
-38.07
-38.07
-38.40
-38.40
-37.78
-37.78
-37.27
-37.27
-38.06
-38.06
-38.38
-38.38
-38.58
-38.58
-38.90
-38.90
-38.40
-38.40
-38.34
-38.34
-37.41
-37.90
-37.90
-35.97
-35.97
-36.14
-36.14
-36.84
-36.84
-37.74
-37.74
-36.79
-36.79
-31.42
-31.42
-36.26
-36.26
-37.60
-37.60
-35.73
-35.73
-36.42
-36.42
-37.34
-37.34
-35.92
-35.92
-37.94
-37.94
-37.20
-37.20
-38.19
-38.19
-37.62
-37.62
-37.00
-37.00
-38.19
-38.19
-29.19
-29.19
-25.04
-33.11
-33.11
-37.44
-37.44
-35.82
-35.82
-31.86
-35.69
-35.69
-38.71
-38.71
-37.48
-37.48
-35.64
-35.64
-36.96
-36.96
-36.91
-36.91
-38.56
-38.56
-37.05
-37.05
-38.65
-38.65
-32.20
-32.20
-36.87
-36.87
-36.72
-36.72
-37.34
-37.34
-37.62
-37.62
-37.84
-37.84
-37.34
-37.34
-24.08
-24.08
-29.98
-29.98
-37.94
-37.94
-31.92
-31.92
-33.73
-33.73
-37.58
-37.58
-39.50
-39.50
-37.97
-37.97
-36.82
-36.82
-37.76
-37.76
-37.78
-37.78
-37.07
-36.84
-38.50
-37.44
-37.44
-37.80
-37.80
-37.53
-38.47
-38.47
-38.47
-38.47
-38.76
-30.45
-30.45
-10.94
-25.67
-25.67
-35.30
-35.30
-38.40
-38.40
-32.06
-35.96
-35.96
-36.82
-36.82
-30.86
-35.88
-35.88
-35.62
-31.85
-33.02
-32.75
-32.75
-37.93
-37.93
-36.38
-36.82
-36.82
-27.21
-27.21
-32.93
-32.93
-11.55
-11.90
-11.90
-30.52
-30.52
-30.73
-30.73
-37.76
-37.76
# TIME - 11:54
-33.52
